"Title:","Vehicles in Fatal Crashes, by Vehicle Make / Model Year from the Fatal Traffic Accidents: Vehicles Involved Database"
"SubTitle:","USA - Model: All Models - Vehicle Year: All Vehicle Years"
"Time:","01/1975 - 12/2020"
"Unit of Measure:","#","#","#","#","#","#","#","#","#","#","#","#","#","#","#","#","#","#","#","#","#","#","#","#","#","#","#","#","#","#","#","#","#","#","#","#","#","#","#","#","#","#","#","#","#","#","#","#","#","#","#","#","#","#","#","#","#","#","#","#","#","#","#","#","#","#","#","#","#","#","#","#","#","#","#","#","#","#","#","#","#","#","#","#","#"
"Citation:","National Highway Traffic Safety Administration (2022-05-06). Fatal Traffic Accidents: Vehicles Involved: Vehicles in Fatal Crashes, by Vehicle Make / Model Year | Automobiles | Motorcycles | Acura | Alfa Romeo | AM General | American Motors | Audi | Austin/Austin Healey | BMW | Brockway | BSA | Buick/Opel | Cadillac | Chevrolet | Chrysler | Daewoo | Datsun/Nissan | Diahatsu | Diamond Reo/Reo | Dodge | Eagle | Fiat | Ford | Freightliner | FWD | GMC | Honda | Hyundai | Imperial | Infiniti | International Harvester/Navistar | Isuzu | Iveco/Magirus | Jaguar | Jeep/Kaiser-Jeep/Willys-Jeep | Kenworth | Kia | Lancia | Land Rover | Lexus | Lincoln | Mack | Mazda | Mercedes-Benz | Mercury | Merkur | MG | Mitsubishi | Oldsmobile | Other Domestic Manufacturers | Other Import | Other Make | Peterbilt | Peugeot | Plymouth | Pontiac | Porsche | Renault | Saab | Saturn | Scion | Smart | Sterling | Subaru | Suzuki | Toyota | Triumph | Unknown Make | Volkswagen | Volvo | Yugo | Ducati | Harley-Davidson | Kawasaki | Moto-Guzzi | Norton | Victory | Yamaha | All Models | All Vehicle Years, 01/1975 - 12/2020. Data Planet? Statistical Datasets: A SAGE Publishing Resource. (Dataset). Dataset-ID:  023-004-006 doi:https://doi.org/10.6068/DP1845C8C746011"
"ColumnCount:",86
"RowCount:",552

"Time","Automobiles, Acura, All Models, All Vehicle Years, #","Automobiles, Alfa Romeo, All Models, All Vehicle Years, #","Automobiles, AM General, All Models, All Vehicle Years, #","Automobiles, American Motors, All Models, All Vehicle Years, #","Automobiles, Audi, All Models, All Vehicle Years, #","Automobiles, Austin/Austin Healey, All Models, All Vehicle Years, #","Automobiles, BMW, All Models, All Vehicle Years, #","Automobiles, Brockway, All Models, All Vehicle Years, #","Automobiles, BSA, All Models, All Vehicle Years, #","Automobiles, Buick/Opel, All Models, All Vehicle Years, #","Automobiles, Cadillac, All Models, All Vehicle Years, #","Automobiles, Chevrolet, All Models, All Vehicle Years, #","Automobiles, Chrysler, All Models, All Vehicle Years, #","Automobiles, Daewoo, All Models, All Vehicle Years, #","Automobiles, Datsun/Nissan, All Models, All Vehicle Years, #","Automobiles, Diahatsu, All Models, All Vehicle Years, #","Automobiles, Diamond Reo/Reo, All Models, All Vehicle Years, #","Automobiles, Dodge, All Models, All Vehicle Years, #","Automobiles, Eagle, All Models, All Vehicle Years, #","Automobiles, Fiat, All Models, All Vehicle Years, #","Automobiles, Ford, All Models, All Vehicle Years, #","Automobiles, Freightliner, All Models, All Vehicle Years, #","Automobiles, FWD, All Models, All Vehicle Years, #","Automobiles, GMC, All Models, All Vehicle Years, #","Automobiles, Honda, All Models, All Vehicle Years, #","Automobiles, Hyundai, All Models, All Vehicle Years, #","Automobiles, Imperial, All Models, All Vehicle Years, #","Automobiles, Infiniti, All Models, All Vehicle Years, #","Automobiles, International Harvester/Navistar, All Models, All Vehicle Years, #","Automobiles, Isuzu, All Models, All Vehicle Years, #","Automobiles, Iveco/Magirus, All Models, All Vehicle Years, #","Automobiles, Jaguar, All Models, All Vehicle Years, #","Automobiles, Jeep/Kaiser-Jeep/Willys-Jeep, All Models, All Vehicle Years, #","Automobiles, Kenworth, All Models, All Vehicle Years, #","Automobiles, Kia, All Models, All Vehicle Years, #","Automobiles, Lancia, All Models, All Vehicle Years, #","Automobiles, Land Rover, All Models, All Vehicle Years, #","Automobiles, Lexus, All Models, All Vehicle Years, #","Automobiles, Lincoln, All Models, All Vehicle Years, #","Automobiles, Mack, All Models, All Vehicle Years, #","Automobiles, Mazda, All Models, All Vehicle Years, #","Automobiles, Mercedes-Benz, All Models, All Vehicle Years, #","Automobiles, Mercury, All Models, All Vehicle Years, #","Automobiles, Merkur, All Models, All Vehicle Years, #","Automobiles, MG, All Models, All Vehicle Years, #","Automobiles, Mitsubishi, All Models, All Vehicle Years, #","Automobiles, Oldsmobile, All Models, All Vehicle Years, #","Automobiles, Other Domestic Manufacturers, All Models, All Vehicle Years, #","Automobiles, Other Import, All Models, All Vehicle Years, #","Automobiles, Other Make, All Models, All Vehicle Years, #","Automobiles, Peterbilt, All Models, All Vehicle Years, #","Automobiles, Peugeot, All Models, All Vehicle Years, #","Automobiles, Plymouth, All Models, All Vehicle Years, #","Automobiles, Pontiac, All Models, All Vehicle Years, #","Automobiles, Porsche, All Models, All Vehicle Years, #","Automobiles, Renault, All Models, All Vehicle Years, #","Automobiles, Saab, All Models, All Vehicle Years, #","Automobiles, Saturn, All Models, All Vehicle Years, #","Automobiles, Scion, All Models, All Vehicle Years, #","Automobiles, Smart, All Models, All Vehicle Years, #","Automobiles, Sterling, All Models, All Vehicle Years, #","Automobiles, Subaru, All Models, All Vehicle Years, #","Automobiles, Suzuki, All Models, All Vehicle Years, #","Automobiles, Toyota, All Models, All Vehicle Years, #","Automobiles, Triumph, All Models, All Vehicle Years, #","Automobiles, Unknown Make, All Models, All Vehicle Years, #","Automobiles, Volkswagen, All Models, All Vehicle Years, #","Automobiles, Volvo, All Models, All Vehicle Years, #","Automobiles, Yugo, All Models, All Vehicle Years, #","Motorcycles, American Motors, All Models, All Vehicle Years, #","Motorcycles, BMW, All Models, All Vehicle Years, #","Motorcycles, BSA, All Models, All Vehicle Years, #","Motorcycles, Ducati, All Models, All Vehicle Years, #","Motorcycles, Harley-Davidson, All Models, All Vehicle Years, #","Motorcycles, Honda, All Models, All Vehicle Years, #","Motorcycles, Kawasaki, All Models, All Vehicle Years, #","Motorcycles, Moto-Guzzi, All Models, All Vehicle Years, #","Motorcycles, Norton, All Models, All Vehicle Years, #","Motorcycles, Other Make, All Models, All Vehicle Years, #","Motorcycles, Peugeot, All Models, All Vehicle Years, #","Motorcycles, Suzuki, All Models, All Vehicle Years, #","Motorcycles, Triumph, All Models, All Vehicle Years, #","Motorcycles, Unknown Make, All Models, All Vehicle Years, #","Motorcycles, Victory, All Models, All Vehicle Years, #","Motorcycles, Yamaha, All Models, All Vehicle Years, #"
"01/1975",,,,154,2,,,,,360,90,1734,116,,84,,,390,,18,1598,,,,48,,6,,,,,,,,,,,,48,,12,,240,,32,,320,,140,74,,,380,486,10,,,,,,,4,,88,,12,362,6,,,,,,,,,,,,,,,,,
"02/1975",,,,146,6,,,,,342,102,1622,104,,88,,,360,,18,1392,,,,64,,,,,,,,,,,,,,32,,24,,178,,16,,314,,184,94,,,370,402,12,,,,,,,4,,84,,24,288,16,,,,,,,,,,,,,,,,,
"03/1975",,,,176,6,,,,,372,112,1856,92,,102,,,434,,18,1694,,,,68,,10,,,,,,,,,,,,46,,22,,252,,22,,336,,234,114,,,374,484,16,,,,,,,8,,90,,18,318,6,,,,,,,,,,,,,,,,,
"04/1975",,,,168,8,,,,,330,114,1810,112,,102,,,406,,26,1578,,,,104,,2,,,,,,,,,,,,50,,16,,196,,18,,320,,390,108,,,402,462,22,,,,,,,10,,110,,16,336,12,,,,,,,,,,,,,,,,,
"05/1975",,,,202,4,,,,,432,130,2162,102,,114,,,484,,18,1886,,,,172,,6,,,,,,,,,,,,40,,32,,286,,18,,380,,652,124,,,470,532,16,,,,,,,4,,140,,20,364,16,,,,,,,,,,,,,,,,,
"06/1975",,,,154,10,,,,,408,136,2246,118,,128,,,532,,26,1824,,,,204,,8,,,,,,,,,,,,38,,28,,246,,38,,416,,720,128,,,486,578,10,,,,,,,8,,136,,20,340,14,,,,,,,,,,,,,,,,,
"07/1975",,,,184,10,,,,,366,156,2342,122,,134,,,512,,34,1980,,,,210,,8,,,,,,,,,,,,42,,36,,220,,40,,332,,778,128,,,438,520,16,,,,,,,26,,112,,16,422,36,,,,,,,,,,,,,,,,,
"08/1975",,,,192,4,,,,,364,142,2384,122,,130,,,532,,24,2002,,,,166,,4,,,,,,,,,,,,44,,32,,230,,32,,392,,794,136,,,526,608,26,,,,,,,18,,146,,24,390,8,,,,,,,,,,,,,,,,,
"09/1975",,,,188,,,,,,414,134,2174,120,,158,,,536,,22,1912,,,,198,,10,,,,,,,,,,,,30,,32,,242,,18,,332,,492,86,,,400,512,4,,,,,,,10,,104,,36,346,20,,,,,,,,,,,,,,,,,
"10/1975",,,,136,8,,,,,478,128,2190,128,,110,,,528,,20,1954,,,,146,,4,,,,,,,,,,,,34,,22,,250,,40,,386,,386,118,,,474,538,10,,,,,,,18,,128,,20,368,18,,,,,,,,,,,,,,,,,
"11/1975",,,,208,4,,,,,446,144,2336,110,,132,,,498,,30,1976,,,,128,,8,,,,,,,,,,,,46,,32,,222,,22,,396,,228,92,,,472,534,20,,,,,,,10,,120,,38,350,16,,,,,,,,,,,,,,,,,
"12/1975",,,,174,8,,,,,428,134,2280,100,,144,,,534,,32,1914,,,,80,,,,,,,,,,,,,,50,,22,,278,,30,,418,,148,94,,,400,530,14,,,,,,,22,,128,,26,382,24,,,,,,,,,,,,,,,,,
"01/1976",,,,164,4,,,,,348,110,1704,82,,90,,,420,,28,1488,,,,46,,,,,,,,,,,,,,40,,28,,244,,18,,292,,162,70,,,396,408,10,,,,,,,10,,86,,28,298,12,,,,,,,,,,,,,,,,,
"02/1976",,,,150,6,,,,,274,122,1762,114,,86,,,370,,20,1594,,,,74,,6,,,,,,,,,,,,62,,18,,196,,34,,270,,202,104,,,316,420,16,,,,,,,6,,116,,26,276,20,,,,,,,,,,,,,,,,,
"03/1976",,,,178,10,,,,,320,124,1758,102,,90,,,384,,26,1554,,,,106,,2,,,,,,,,,,,,44,,24,,224,,22,,342,,274,92,,,354,476,14,,,,,,,4,,94,,32,332,12,,,,,,,,,,,,,,,,,
"04/1976",,,,148,2,,,,,398,104,2026,96,,128,,,456,,22,1670,,,,112,,8,,,,,,,,,,,,38,,18,,218,,20,,334,,446,88,,,460,442,12,,,,,,,10,,128,,28,284,30,,,,,,,,,,,,,,,,,
"05/1976",,,,196,4,,,,,404,132,2228,112,,146,,,498,,22,1962,,,,206,,,,,,,,,,,,,,52,,24,,246,,36,,430,,686,116,,,436,522,10,,,,,,,20,,134,,42,350,28,,,,,,,,,,,,,,,,,
"06/1976",,,,202,10,,,,,362,138,2082,114,,150,,,464,,30,1856,,,,144,,6,,,,,,,,,,,,54,,26,,214,,40,,318,,774,108,,,410,478,18,,,,,,,10,,160,,36,368,22,,,,,,,,,,,,,,,,,
"07/1976",,,,230,8,,,,,400,134,2414,170,,216,,,528,,20,2158,,,,228,,6,,,,,,,,,,,,72,,18,,268,,34,,448,,832,128,,,506,578,8,,,,,,,10,,150,,40,378,24,,,,,,,,,,,,,,,,,
"08/1976",,,,202,14,,,,,416,118,2296,118,,168,,,574,,40,2114,,,,246,,,,,,,,,,,,,,42,,28,,278,,34,,422,,700,132,,,542,530,16,,,,,,,2,,152,,58,340,20,,,,,,,,,,,,,,,,,
"09/1976",,,,208,12,,,,,424,120,2210,156,,140,,,480,,30,1944,,,,188,,4,,,,,,,,,,,,44,,40,,264,,28,,424,,522,108,,,470,526,8,,,,,,,10,,132,,20,344,6,,,,,,,,,,,,,,,,,
"10/1976",,,,230,14,,,,,456,160,2352,172,,180,,,540,,38,1986,,,,144,,6,,,,,,,,,,,,48,,30,,264,,20,,462,,372,110,,,536,594,18,,,,,,,16,,148,,50,408,20,,,,,,,,,,,,,,,,,
"11/1976",,,,184,10,,,,,348,120,2092,100,,130,,,444,,30,1840,,,,122,,4,,,,,,,,,,,,44,,30,,198,,16,,304,,204,88,,,352,482,12,,,,,,,8,,130,,54,316,14,,,,,,,,,,,,,,,,,
"12/1976",,,,194,16,,,,,466,156,2324,134,,166,,,510,,28,1936,,,,114,,6,,,,,,,,,,,,66,,20,,254,,28,,472,,140,112,,,442,588,12,,,,,,,18,,160,,56,404,24,,,,,,,,,,,,,,,,,
"01/1977",,,,150,4,,,12,4,282,132,1526,108,,138,,6,358,,18,1438,10,2,142,104,,4,,158,,108,,,60,10,,14,,34,80,18,,166,,26,,286,,48,44,26,,288,350,12,,,,10,,,8,,146,4,164,304,14,,,,,,,,,,,,,,,,,
"02/1977",,,,152,12,,4,8,2,292,76,1618,86,,144,4,8,406,,22,1538,10,,148,96,,4,,142,,58,,,52,38,,40,,56,78,28,,196,,24,,326,,32,50,44,,376,372,14,,,,34,,,6,,118,22,102,270,12,,,,,,,,,,,,,,,,,
"03/1977",,,,140,16,,20,6,2,334,118,1894,124,,144,4,10,474,,34,1890,16,2,166,188,,10,,190,,108,,,78,78,,62,,54,88,26,,230,,24,,338,,32,74,54,,410,454,20,,,,54,4,,24,,132,20,104,284,20,,,,,,,,,,,,,,,,,
"04/1977",,,,192,14,,14,10,8,372,138,2114,124,,122,12,10,430,,42,1834,8,,162,268,,2,,182,,106,,,54,98,,128,,34,100,24,,266,,32,,348,,46,60,50,,438,460,12,,,,94,6,,8,,136,32,108,366,18,,,,,,,,,,,,,,,,,
"05/1977",,,,200,8,,26,10,8,378,134,2308,152,,154,8,14,504,,18,1946,10,,202,378,,2,,208,,106,,,60,186,,150,,42,106,18,,182,,34,,416,,90,50,36,,380,530,18,,,,118,8,,16,,182,30,118,328,18,,,,,,,,,,,,,,,,,
"06/1977",,,,214,14,,14,10,8,392,136,2378,130,,206,6,8,556,,34,1992,4,,216,392,,6,,240,,134,,,96,172,,166,,58,102,40,,244,,22,,452,,56,62,68,,412,562,14,,,,126,8,,16,,184,80,114,370,16,,,,,,,,,,,,,,,,,
"07/1977",,,,212,16,,18,12,2,502,100,2620,138,,224,10,10,584,,32,2280,10,,242,602,,8,,236,,116,,,64,282,,198,,52,114,42,,276,,56,,506,,46,66,76,,448,570,20,,,,142,10,,18,,244,82,134,372,32,,,,,,,,,,,,,,,,,
"08/1977",,,,268,16,,34,14,6,358,118,2598,136,,180,4,16,596,,38,2224,16,,224,416,,4,,256,,144,,,74,182,,132,,52,136,34,,272,,42,,444,,38,66,74,,470,632,18,,,,158,18,,28,,202,70,122,386,28,,,,,,,,,,,,,,,,,
"09/1977",,,,218,18,,24,2,12,412,128,2278,148,,170,2,14,570,,18,1972,12,2,230,346,,8,,258,,132,,,70,142,,120,,42,110,40,,262,,32,,452,,34,68,48,,484,524,8,,,,112,8,,8,,176,46,116,362,28,,,,,,,,,,,,,,,,,
"10/1977",,,,250,24,,32,12,2,498,102,2570,138,,198,,12,554,,26,2296,2,,244,294,,,,280,,122,,,84,108,,106,,56,132,30,,288,,40,,458,,20,82,64,,532,608,18,,,,72,2,,28,,180,44,106,382,22,,,,,,,,,,,,,,,,,
"11/1977",,,,248,16,,18,8,4,428,148,2344,130,,186,,8,508,,24,2200,12,,246,196,,4,,210,,122,,,88,70,,52,,74,84,26,,284,,22,,508,,32,86,62,,466,562,16,,,,76,,,16,,192,22,118,340,12,,,,,,,,,,,,,,,,,
"12/1977",,,,250,10,,14,2,4,420,154,2480,160,,214,,4,576,,22,2156,14,,270,130,,4,,232,,154,,,106,42,,34,,74,140,24,,286,,20,,438,,36,76,52,,468,564,18,,,,24,,,28,,200,26,124,398,26,,,,,,,,,,,,,,,,,
"01/1978",,,,134,10,,12,6,4,248,108,1620,110,,132,,2,368,,26,1438,22,,188,94,,2,,160,,96,,28,64,18,,16,,34,96,22,10,196,,,,344,,58,36,48,,286,340,8,,,,34,2,,16,,110,20,38,254,16,,,,,,,,,,,,,,,,,
"02/1978",,,,150,10,,8,2,2,262,130,1466,100,,156,,4,396,,10,1450,4,,192,116,,6,,138,,120,,26,66,26,,20,,46,60,24,14,200,,,,326,,34,28,38,,252,304,12,,,,24,,,2,,126,16,26,232,20,,,,,,,,,,,,,,,,,
"03/1978",,,,172,6,,12,6,4,372,134,2030,132,,178,,6,454,,32,1774,20,,224,158,,4,,214,,112,,50,60,56,,64,,58,94,42,12,222,,,,418,,48,34,70,,368,466,12,,,,54,4,,16,,192,26,48,284,20,,,,,,,,,,,,,,,,,
"04/1978",,,,146,10,,16,4,10,342,134,2272,118,,204,2,4,530,,28,1982,20,,224,312,,2,,170,,98,,58,64,118,,92,,56,78,20,12,242,,,,438,,62,50,36,,366,466,22,,,,126,4,,16,,156,34,50,340,22,,,,,,,,,,,,,,,,,
"05/1978",,,,174,8,,18,10,6,410,164,2396,148,,268,14,14,538,,32,1928,24,,240,456,,12,,198,,130,,64,82,210,,170,,44,104,30,26,248,,,,380,,90,52,56,,438,600,16,,,,174,4,,26,,190,54,72,324,18,,,,,,,,,,,,,,,,,
"06/1978",,,,200,14,,18,2,8,430,174,2474,146,,214,8,12,614,,30,2216,28,,254,510,,2,,240,,126,,40,96,220,,190,,50,112,34,16,254,,,,480,,100,42,80,,464,562,22,,,,172,12,,30,,220,56,78,328,34,,,,,,,,,,,,,,,,,
"07/1978",,,,144,18,,16,2,12,418,152,2652,142,,260,12,4,632,,38,2230,26,,256,562,,4,,256,,140,,90,88,218,,202,,58,108,28,22,290,,,,496,,98,58,66,,448,604,34,,,,242,8,,34,,226,48,92,390,28,,,,,,,,,,,,,,,,,
"08/1978",,,,174,8,,24,12,20,416,178,2782,150,,240,4,8,612,,44,2268,10,,264,548,,2,,308,,128,,60,70,228,,202,,64,116,32,18,284,,,,514,,118,62,68,,494,614,26,,,,182,10,,22,,234,60,86,334,12,,,,,,,,,,,,,,,,,
"09/1978",,,,162,14,,20,6,8,438,156,2770,110,,242,4,10,610,,46,2328,14,,274,458,,6,,264,,126,,68,114,184,,142,,78,98,36,18,318,,,,478,,62,48,52,,464,646,22,,,,150,2,,12,,210,40,60,334,12,,,,,,,,,,,,,,,,,
"10/1978",,,,184,14,,32,10,10,446,162,2730,160,,242,2,12,536,,30,2392,30,,248,310,,,,272,,134,,78,98,124,,106,,62,108,44,20,312,,,,484,,48,44,78,,478,676,20,,,,120,2,,24,,224,44,50,318,26,,,,,,,,,,,,,,,,,
"11/1978",,,,184,22,,18,4,6,456,130,2560,160,,200,,4,568,,36,2296,24,,252,226,,,,276,,142,,68,110,74,,66,,86,106,22,34,308,,,,448,,26,54,78,,448,608,34,,,,40,4,,36,,254,38,82,314,32,,,,,,,,,,,,,,,,,
"12/1978",,,,216,12,,16,4,14,486,172,2646,160,,238,,10,562,,58,2308,28,,230,202,,12,,234,,106,,76,62,38,,42,,82,112,50,22,270,,,,482,,36,42,62,,470,632,18,,,,46,4,,28,,252,20,62,332,34,,,,,,,,,,,,,,,,,
"01/1979",,,,134,22,,8,8,,358,138,1774,96,,194,,4,398,,26,1582,16,,236,122,,,,192,,98,,66,60,28,,16,,44,106,38,22,248,,14,,324,,30,28,68,,326,410,20,,,,60,,,36,,192,26,44,258,24,,,,,,,,,,,,,,,,,
"02/1979",,,,110,20,,12,4,6,302,110,1846,94,,156,2,8,468,,22,1686,34,,230,122,,4,,224,,116,,52,78,38,,24,,56,110,12,16,210,,30,,368,,24,24,58,,328,464,14,,,,26,2,,14,,196,14,28,262,18,,,,,,,,,,,,,,,,,
"03/1979",,,,192,16,,12,10,8,404,156,2374,118,,236,2,12,504,,30,1948,20,,232,264,,2,,226,,118,,48,76,70,,68,,64,108,34,18,314,,48,,470,,22,36,58,,358,534,12,,,,86,10,,32,,236,36,58,312,26,,,,,,,,,,,,,,,,,
"04/1979",,,,140,12,,18,4,10,392,144,2392,134,,268,2,4,504,,32,1880,18,,228,350,,6,,208,,134,,70,86,136,,110,,66,86,28,16,290,,26,,442,,42,42,48,,392,524,14,,,,104,8,,22,,228,44,40,318,8,,,,,,,,,,,,,,,,,
"05/1979",,,,156,10,,18,2,12,354,116,2346,116,,248,6,4,486,,38,1962,34,,290,478,,6,,240,,124,,72,92,230,,166,,60,96,38,20,282,,34,,442,,58,26,64,,400,558,6,,,,174,8,,34,,216,46,24,286,24,,,,,,,,,,,,,,,,,
"06/1979",,,,166,8,,32,,20,342,128,2240,110,,266,6,10,538,,42,2018,20,,284,520,,4,,188,,128,,100,90,254,,238,,60,108,42,16,260,,50,,438,,94,50,58,,342,550,16,,,,222,10,,26,,224,58,44,268,16,,,,,,,,,,,,,,,,,
"07/1979",,,,156,14,,24,4,16,380,138,2406,128,,262,4,20,548,,14,2064,22,,290,516,,2,,274,,118,,82,76,268,,198,,42,122,22,22,268,,40,,414,,110,86,92,,450,590,12,,,,232,14,,42,,230,84,58,318,46,,,,,,,,,,,,,,,,,
"08/1979",,,,158,20,,24,6,34,358,130,2436,128,,238,6,8,554,,26,2230,42,2,296,542,,2,,300,,136,,104,78,230,,200,,64,120,42,28,268,,14,,448,,82,52,72,,418,572,16,,,,208,6,,16,,280,52,30,302,34,,,,,,,,,,,,,,,,,
"09/1979",,,,148,14,,26,6,22,442,140,2616,130,,218,2,8,560,,38,2234,40,4,244,430,,8,,236,,118,,82,102,212,,190,,80,108,44,26,300,,36,,412,,70,50,70,,424,572,20,,,,146,2,,38,,264,44,30,270,6,,,,,,,,,,,,,,,,,
"10/1979",,,,172,18,,18,6,18,446,200,2716,146,,248,8,8,588,,38,2160,44,,238,276,,4,,306,,148,,86,98,118,,112,,76,116,44,22,310,,30,,508,,44,52,68,,434,632,16,,,,130,2,,32,,212,34,46,306,28,,,,,,,,,,,,,,,,,
"11/1979",,,,182,6,,12,10,18,448,134,2516,178,,226,,4,632,,32,2150,50,,254,198,,10,,286,,114,,84,96,62,,56,,60,102,44,26,334,,40,,458,,26,30,80,,392,562,18,,,,90,2,,24,,246,26,56,314,10,,,,,,,,,,,,,,,,,
"12/1979",,,,166,18,,34,6,8,444,194,2706,156,,306,4,6,646,,28,2330,32,2,302,220,,4,,240,,82,,132,102,44,,38,,74,98,64,24,342,,32,,514,,28,70,74,,392,680,22,,,,38,,,32,,268,24,40,332,34,,,,,,,,,,,,,,,,,
"01/1980",,4,,136,16,,16,4,8,340,96,1916,112,,214,2,6,466,,20,1784,48,,200,128,,8,,168,,94,4,82,78,30,,40,,60,92,40,32,272,,14,,362,,20,10,70,,324,470,16,8,10,,38,2,,32,,212,10,34,278,20,,,,,,,,,,,,,,,,,
"02/1980",,4,,108,2,2,6,2,6,336,128,1872,86,,214,,2,432,,26,1556,38,2,222,166,,10,,224,,60,,64,62,52,2,52,,68,66,50,16,258,,14,,318,,26,10,64,2,276,442,10,8,4,,44,,,32,,192,16,38,250,28,,,,,,,,,,,,,,,,,
"03/1980",,,,154,10,4,20,6,8,364,108,2024,124,,240,2,2,456,,32,1758,18,,208,218,,6,,200,,90,2,84,60,100,,60,,58,94,48,16,234,,34,,394,,24,16,58,6,290,444,16,10,6,,96,2,,48,,222,22,52,252,22,,,,,,,,,,,,,,,,,
"04/1980",,6,,134,10,4,10,4,12,346,118,1920,142,,240,,4,406,,34,1792,34,,238,342,,6,,144,,84,4,88,64,132,2,132,,68,102,44,24,226,,24,,444,,38,12,38,,346,470,24,4,6,,146,,,50,,246,52,44,246,10,,,,,,,,,,,,,,,,,
"05/1980",,4,,136,12,2,30,,22,356,152,2368,142,,272,6,8,450,,32,2034,50,,270,522,,4,,192,,76,4,94,86,212,,172,,72,108,66,26,268,,32,,470,,86,16,70,4,324,592,22,14,6,,222,4,,28,,300,50,42,320,20,,,,,,,,,,,,,,,,,
"06/1980",,6,,142,14,4,38,2,32,378,140,2534,168,,342,2,12,524,,44,2156,28,,236,536,,2,,190,,102,,160,94,270,2,236,,64,82,50,34,262,,24,,500,,92,24,40,8,420,552,14,4,4,,224,8,,50,,262,60,46,306,34,,,,,,,,,,,,,,,,,
"07/1980",,2,2,140,14,4,30,,24,364,144,2486,128,,306,8,4,528,,22,2062,42,,336,580,,,,204,,86,6,152,94,252,,202,,80,86,50,24,268,,52,,476,,114,30,62,4,392,518,26,8,12,,212,10,,32,,312,70,46,316,30,,,,,,,,,,,,,,,,,
"08/1980",,,,150,26,2,42,2,34,468,186,2930,130,,332,6,6,528,,22,2222,60,2,268,590,,8,,236,,72,2,146,88,250,,266,,70,118,56,38,390,,22,,600,,88,22,86,10,418,662,16,6,14,,222,2,,42,,350,46,82,272,26,,,,,,,,,,,,,,,,,
"09/1980",,2,,154,10,2,32,2,20,352,136,2482,174,,260,4,2,576,,30,1990,38,,274,458,,,,268,,94,,82,62,218,2,182,,72,112,50,26,274,,20,,384,,72,12,68,4,344,538,16,4,2,,156,6,,22,,278,42,64,256,18,,,,,,,,,,,,,,,,,
"10/1980",,,,136,24,,22,6,16,456,170,2372,134,,270,2,12,528,,30,2040,78,,248,286,,6,,238,,108,6,112,104,110,,110,,62,108,40,34,262,,42,,490,,34,16,64,,392,546,16,6,10,,98,4,,36,,322,32,56,260,20,,,,,,,,,,,,,,,,,
"11/1980",,2,,150,6,,20,6,14,432,144,2358,140,,312,,14,508,,40,2046,62,2,262,228,,4,,282,,72,4,124,112,70,,56,,62,98,42,20,280,,14,,508,,10,18,56,2,376,526,20,4,8,,80,4,,64,,308,32,50,266,28,,,,,,,,,,,,,,,,,
"12/1980",,2,,158,36,4,20,4,4,412,176,2444,120,,294,,4,570,,28,2032,36,,270,172,,,,236,,70,,96,92,42,,38,,76,106,58,26,358,,16,,460,,20,14,56,6,390,618,6,8,8,,50,2,,56,,280,22,58,298,38,,,,,,,,,,,,,,,,,
"01/1981",,2,2,160,16,2,30,6,10,330,132,2064,136,2,222,,6,400,,22,1732,68,,228,154,,2,,190,,56,4,96,76,44,,40,,66,100,46,22,238,,20,,398,6,14,,54,,326,518,10,12,,,42,,2,42,,250,24,116,260,22,,,,,,,,,,,,,,,,,
"02/1981",,2,2,128,18,,30,4,2,352,142,1852,96,,246,2,6,434,,24,1654,54,,224,206,,2,,190,,58,2,50,88,56,,44,4,44,102,56,12,272,,16,,388,4,10,,62,2,264,460,8,4,18,,78,2,,38,,268,32,124,238,34,,,,,,,,,,,,,,,,,
"03/1981",,4,2,120,8,2,12,2,10,324,140,2064,136,4,252,4,2,498,,50,1766,36,,166,272,,6,,208,,66,4,46,70,88,2,82,4,60,98,68,10,254,,20,,368,4,14,,46,8,332,414,14,8,12,,74,2,,38,,314,18,178,266,18,,,,,,,,,,,,,,,,,
"04/1981",,6,,144,8,2,12,,6,364,138,2154,106,,302,,4,462,,24,1752,46,,206,342,,2,,210,,44,2,90,72,178,,136,2,44,110,50,24,242,,16,,490,,8,,54,4,314,450,8,6,6,,160,6,2,32,,280,42,166,232,10,,,,,,,,,,,,,,,,,
"05/1981",,2,,156,16,4,12,2,8,368,152,2200,116,2,270,4,6,472,,34,1892,64,,212,378,,6,,184,,52,2,100,96,240,,154,2,68,108,56,40,276,,20,,472,4,28,2,50,,310,518,18,2,22,,166,8,2,52,,276,14,396,244,26,,,,,,,,,,,,,,,,,
"06/1981",,2,8,140,14,2,38,8,14,348,128,2222,134,4,342,8,4,522,,40,1840,88,,258,436,,2,,230,2,76,4,100,96,238,,182,6,62,108,56,16,250,,22,,482,16,34,,64,6,364,492,14,8,6,,238,6,,36,,318,34,300,242,34,,,,,,,,,,,,,,,,,
"07/1981",,2,,162,26,2,36,8,22,376,170,2424,144,8,350,4,4,530,,22,1982,70,,262,560,,6,,198,2,60,6,120,72,206,,202,,52,92,92,12,272,,20,,492,4,34,2,64,2,426,550,14,14,2,,178,4,2,56,,314,50,496,266,28,,,,,,,,,,,,,,,,,
"08/1981",,4,2,180,20,4,26,,10,402,146,2434,138,,292,4,2,572,,38,2170,80,,296,588,,2,,250,4,70,2,126,108,250,,228,2,44,108,64,30,258,,36,,572,6,36,4,78,2,388,616,14,4,14,,220,6,2,56,,384,42,270,296,34,,,,,,,,,,,,,,,,,
"09/1981",,4,2,132,14,,24,4,12,366,170,2144,122,2,296,6,6,548,,28,1984,78,,250,476,,4,,238,,60,2,106,88,168,2,150,,76,92,58,18,230,,24,,476,,22,6,66,2,370,498,20,12,4,,142,4,6,84,,316,20,194,270,10,,,,,,,,,,,,,,,,,
"10/1981",,2,,120,28,2,22,,12,412,156,2402,132,,298,4,6,516,,16,1994,84,,236,294,,2,,254,6,66,,92,80,134,,114,2,58,136,68,28,226,,14,,470,10,18,2,70,4,420,546,20,10,12,,114,,,46,,318,22,208,308,22,,,,,,,,,,,,,,,,,
"11/1981",,,,104,16,4,16,4,10,430,146,2234,124,4,234,2,10,526,,28,1906,66,,234,240,,2,,194,2,54,2,78,98,68,,82,4,56,92,54,18,298,,10,,532,4,8,,64,4,316,542,22,10,6,,90,,,44,,350,22,190,254,22,,,,,,,,,,,,,,,,,
"12/1981",,2,2,160,16,4,22,2,6,444,164,2256,152,,278,,10,532,,20,1956,72,,270,200,,4,,192,8,74,,80,78,40,2,48,2,60,112,70,36,294,,16,,524,4,8,,46,4,396,528,10,10,2,,44,2,,40,,350,18,178,298,34,,,,,,,,,,,,,,,,,
"01/1982",,,2,112,6,4,14,2,2,282,106,1700,84,,268,2,6,366,,20,1412,66,,194,156,,4,,182,,40,2,86,58,28,,32,2,40,104,40,14,208,,14,,336,4,22,12,62,4,256,376,12,4,12,,34,2,,52,,244,8,182,182,18,,,,,,,,,,,,,,,,,
"02/1982",,2,,98,12,2,18,2,6,302,110,1580,104,4,212,,2,334,,22,1254,40,,214,194,,,,172,2,58,2,64,68,48,2,48,,44,98,44,10,162,,20,,328,6,10,6,56,,242,354,14,14,10,,58,,,38,,252,10,158,192,26,,,,,,,,,,,,,,,,,
"03/1982",,2,,142,26,2,24,6,6,320,106,1820,132,2,274,,6,420,,16,1550,66,,214,244,,4,,210,4,56,6,70,78,78,2,62,4,66,92,76,14,242,,18,,370,6,18,4,48,8,280,402,4,16,12,,96,,,30,,258,18,176,216,10,,,,,,,,,,,,,,,,,
"04/1982",,2,2,104,10,2,28,2,6,358,130,1974,114,,246,4,2,420,,22,1562,74,,206,294,,10,,194,2,38,2,80,78,130,,108,,48,98,50,16,248,,28,,396,6,14,10,52,6,294,486,16,12,4,,136,2,2,36,,296,36,198,218,36,,,,,,,,,,,,,,,,,
"05/1982",,4,4,108,6,,20,2,16,352,138,2020,98,2,294,,,462,,26,1612,48,2,222,478,,,,210,,54,2,92,70,174,,172,4,58,70,42,22,296,,24,,440,4,26,2,58,,302,452,24,10,6,,212,8,2,40,,310,16,214,230,34,,,,,,,,,,,,,,,,,
"06/1982",,2,2,130,20,2,30,,14,316,130,2080,88,,314,6,4,392,,26,1690,68,2,198,410,,,,190,8,32,,90,94,184,2,194,4,36,98,36,28,258,,24,,432,6,16,20,74,6,308,432,14,8,8,,186,4,,46,,280,28,252,194,20,,,,,,,,,,,,,,,,,
"07/1982",,2,2,142,8,4,46,2,18,350,94,2130,124,,316,4,10,482,,36,1798,74,,238,474,,,,206,2,74,6,102,80,264,,166,,64,102,56,22,206,,26,,450,4,26,36,52,4,364,474,12,6,4,,192,8,,54,,286,38,324,246,34,,,,,,,,,,,,,,,,,
"08/1982",,,6,116,18,2,24,4,18,370,110,2122,106,,296,,6,478,,18,1886,68,,250,498,,4,,218,4,54,,120,94,228,2,190,2,66,120,52,18,290,,24,,472,,18,36,54,6,288,460,12,8,6,,230,4,,44,,306,22,290,220,30,,,,,,,,,,,,,,,,,
"09/1982",,,,134,22,2,34,2,24,330,112,2176,134,,284,2,12,446,,32,1702,62,,230,390,,2,,218,4,42,4,70,88,174,,168,10,44,106,52,24,234,,20,,418,4,8,20,62,8,306,472,18,14,14,,182,2,2,40,,280,22,220,216,28,,,,,,,,,,,,,,,,,
"10/1982",,6,,142,14,,26,4,24,410,136,2234,120,,320,2,,464,,24,1868,88,,286,306,,6,,242,2,46,2,82,82,118,2,112,4,58,100,62,10,236,,22,,496,4,10,28,66,4,294,506,10,14,12,,114,4,,50,,288,22,244,258,32,,,,,,,,,,,,,,,,,
"11/1982",,,4,114,8,,18,4,4,366,154,1948,84,,304,2,4,478,,22,1590,68,,216,198,,2,,210,6,48,4,120,104,54,,44,,88,104,76,30,238,,8,,482,12,8,32,44,,292,438,8,4,10,,58,,,46,,316,14,196,220,20,,,,,,,,,,,,,,,,,
"12/1982",,,,122,16,,28,2,8,364,130,2100,120,,330,,2,490,,10,1728,72,,206,218,,4,,190,6,60,2,78,82,48,,34,2,40,106,62,22,282,,8,,442,6,6,8,74,8,378,454,18,18,16,,48,,,68,,316,16,260,240,26,,,,,,,,,,,,,,,,,
"01/1983",,,6,88,14,,16,2,8,274,116,1546,116,2,260,,4,346,,16,1434,46,,208,198,,4,,150,8,48,4,52,106,38,,28,,36,76,40,18,176,,8,2,352,2,8,14,48,2,260,368,8,8,8,,42,,,62,,264,6,94,198,32,,,,,,,,,,,,,,,,,
"02/1983",,2,4,78,14,,18,2,4,300,110,1552,106,2,216,2,2,386,,18,1306,78,,196,172,,,,140,,54,,58,66,30,2,48,2,36,76,54,16,166,,8,,284,4,6,26,48,6,238,306,2,8,6,,48,,,38,,256,8,116,172,10,,,,,,,,,,,,,,,,,
"03/1983",,4,2,106,16,,30,8,8,366,126,1614,90,,260,4,4,344,,8,1514,66,2,216,196,,,,170,2,44,2,72,76,90,2,58,2,48,66,46,36,198,,8,2,340,6,8,14,44,6,236,384,8,16,2,,62,,,40,,314,10,80,192,14,,,,,,,,,,,,,,,,,
"04/1983",,,,118,4,,24,2,4,358,106,1798,86,2,292,2,2,348,,16,1530,48,2,154,312,,2,,182,2,56,2,86,70,124,,80,2,52,98,68,20,218,,22,,348,4,20,16,46,4,230,428,12,8,4,,92,,,40,,278,22,116,212,28,,,,,,,,,,,,,,,,,
"05/1983",,2,4,134,16,4,24,,4,330,112,1884,106,,314,,4,412,,14,1608,64,,236,410,,,,194,8,42,,96,92,158,2,136,6,56,90,60,26,226,,20,2,434,2,20,30,56,4,286,456,8,14,2,,160,8,,38,,290,28,144,220,30,,,,,,,,,,,,,,,,,
"06/1983",,4,,98,8,2,28,4,10,328,110,1908,136,,324,2,4,432,,30,1686,72,,222,426,,,,202,2,48,,102,98,208,,148,4,42,102,40,26,224,,20,2,406,2,12,36,68,2,266,392,22,14,14,,172,4,,60,,290,28,160,212,24,,,,,,,,,,,,,,,,,
"07/1983",,,6,134,16,,32,2,22,352,126,2150,120,2,290,,4,448,,18,1814,94,,276,562,,,,244,2,56,2,100,74,244,,204,8,46,70,70,34,258,,28,,344,2,18,42,62,2,272,430,16,20,18,,226,2,,52,,360,18,146,240,10,,,,,,,,,,,,,,,,,
"08/1983",,,2,104,26,,22,6,18,354,112,2150,102,,366,4,4,450,,28,1802,86,,248,550,,,,226,8,50,4,130,104,192,,178,,46,110,54,20,230,,24,2,484,2,20,40,86,6,266,438,16,16,10,,200,4,,64,,318,34,230,230,36,,,,,,,,,,,,,,,,,
"09/1983",,2,2,110,16,2,26,,12,380,144,2018,134,10,300,4,4,434,,22,1730,66,,264,464,,4,,276,,58,6,84,108,178,2,176,2,46,106,64,28,272,,20,,418,2,22,32,82,2,302,452,20,20,12,,156,4,2,40,,348,18,176,240,34,,,,,,,,,,,,,,,,,
"10/1983",,4,2,122,24,,18,,6,450,168,2262,116,2,312,,4,514,,26,1704,82,,270,368,,,,236,2,58,4,66,76,136,,94,8,68,126,70,32,196,,16,2,466,6,20,32,72,8,338,432,20,16,8,,106,2,,46,,340,10,158,228,24,,,,,,,,,,,,,,,,,
"11/1983",,4,,96,26,2,16,,2,388,144,1992,114,,316,2,,410,,28,1740,84,,286,230,,,,246,4,60,2,66,68,56,2,42,4,52,100,50,30,250,,12,4,496,4,10,12,78,8,280,422,12,40,6,,68,,,50,,330,14,144,228,22,,,,,,,,,,,,,,,,,
"12/1983",,2,6,152,24,2,12,4,10,394,136,1998,160,,384,,2,444,,14,1596,86,2,238,238,,2,,256,8,58,8,64,92,58,,24,4,58,112,90,20,274,,24,6,410,6,6,36,74,6,278,374,16,34,2,,36,,,54,,396,8,130,290,12,,,,,,,,,,,,,,,,,
"01/1984",,2,,104,10,,14,6,4,276,106,1530,108,2,246,,6,394,,20,1450,68,,164,206,,2,,204,12,48,8,78,90,46,,30,4,38,88,46,20,174,,6,,380,,12,32,64,2,218,356,12,16,6,,56,,,50,,278,12,144,160,22,,,,,,,,,,,,,,,,,
"02/1984",,2,2,98,18,,18,,2,274,98,1562,118,2,248,,4,362,,10,1292,88,,168,234,,,,186,2,60,,54,84,56,,56,4,50,96,80,14,190,,12,2,352,4,6,16,74,4,214,354,12,18,6,,80,,,48,,244,12,100,182,20,,,,,,,,,,,,,,,,,
"03/1984",,6,,96,18,,22,,8,332,128,1772,110,,288,,2,400,,18,1510,80,,208,300,,2,,190,2,56,4,52,88,84,2,42,6,46,104,88,26,286,,10,4,442,4,6,18,52,6,230,380,8,20,12,,80,,,66,,332,8,156,218,18,,,,,,,,,,,,,,,,,
"04/1984",,6,2,100,10,,22,,6,358,126,1672,108,2,336,4,6,370,,16,1456,72,,196,308,,,,168,12,40,2,56,94,140,,74,,42,90,72,32,198,,22,2,390,4,12,18,50,4,258,434,8,22,4,,110,2,,44,,332,26,146,170,20,,,,,,,,,,,,,,,,,
"05/1984",,2,2,92,14,4,30,2,18,348,120,1850,136,2,296,2,2,440,,20,1790,80,,264,500,,8,,208,6,46,2,76,76,168,,134,4,58,120,90,30,258,,12,2,392,10,28,32,66,4,312,430,32,30,10,,174,,,44,,318,24,168,208,22,,,,,,,,,,,,,,,,,
"06/1984",,6,6,126,16,2,28,2,18,382,146,2012,98,2,348,,,486,,10,1818,74,2,298,558,,4,,270,10,62,6,88,102,232,,156,4,70,134,58,30,224,,14,2,492,6,26,52,76,6,318,482,14,16,8,,218,2,,58,,358,30,224,210,18,,,,,,,,,,,,,,,,,
"07/1984",,2,2,96,18,,28,,8,342,168,2086,112,,370,2,4,502,,24,1874,104,,280,568,,,,244,8,50,2,116,86,182,,144,4,66,152,84,28,244,,16,8,444,4,8,38,86,8,370,540,18,18,8,,206,2,,52,,412,18,218,222,18,,,,,,,,,,,,,,,,,
"08/1984",,4,,136,20,,26,,14,390,140,2092,114,2,358,,2,540,,28,1766,102,4,246,638,,6,,248,12,60,4,84,102,224,2,182,,68,158,76,14,250,,20,4,446,2,30,36,80,8,350,448,14,36,12,,244,2,,66,,380,32,216,224,20,,,,,,,,,,,,,,,,,
"09/1984",,4,4,120,16,2,34,2,10,362,142,2178,120,,376,,6,476,,22,1784,92,,268,578,,6,,220,18,50,10,90,76,176,,128,,56,114,74,12,250,,16,2,486,10,22,26,82,4,290,466,24,28,4,,144,2,,56,,390,26,240,230,28,,,,,,,,,,,,,,,,,
"10/1984",,2,,118,14,,24,10,8,420,116,2126,142,,394,,4,524,,16,1808,102,,244,398,,,,256,8,58,4,84,114,130,,92,4,60,152,102,30,270,,8,2,466,2,12,38,88,8,300,456,16,38,10,,118,,,48,,342,16,258,226,28,,,,,,,,,,,,,,,,,
"11/1984",,,,98,16,,30,,4,382,124,2036,108,,424,,6,452,,14,1888,74,,250,268,,,,230,10,60,4,96,82,64,,48,,34,122,58,10,244,,12,10,468,4,4,38,72,2,340,466,18,22,6,,66,,2,82,,336,18,226,220,24,,,,,,,,,,,,,,,,,
"12/1984",,2,2,108,28,4,10,,12,410,134,2016,144,,350,,2,476,,24,1780,90,,264,360,,4,,240,8,70,,76,110,52,2,46,4,86,102,106,18,272,,6,6,518,,2,12,74,6,270,498,18,30,2,,44,,,70,,380,2,214,216,28,,,,,,,,,,,,,,,,,
"01/1985",,,6,100,14,2,20,2,2,354,122,1652,110,,294,2,4,370,,14,1438,116,,226,176,,4,,230,12,50,2,78,88,40,,34,,42,94,54,24,226,,6,10,372,2,6,46,76,,274,386,12,20,4,,42,,,50,,330,4,104,188,28,,,,,,,,,,,,,,,,,
"02/1985",,4,,82,14,,24,2,4,338,100,1552,86,2,228,,6,328,,20,1334,52,,208,220,,4,,218,12,30,4,62,86,52,,34,,28,94,48,16,176,,6,4,362,6,6,28,78,,168,312,8,24,4,,60,,,52,,322,10,92,156,14,,,,,,,,,,,,,,,,,
"03/1985",,2,4,88,22,,18,,6,384,108,1796,92,,344,2,2,398,,16,1398,78,,232,374,,,,214,16,30,8,84,94,90,,80,2,48,100,70,28,192,,8,4,432,2,14,16,64,8,238,420,10,20,,,106,,,46,,346,14,96,182,18,,,,,,,,,,,,,,,,,
"04/1985",,,,90,14,,32,4,6,300,136,1884,122,,348,,8,444,,2,1574,82,,156,494,,2,,236,8,40,,92,78,162,,108,2,38,108,96,18,236,,20,6,446,2,6,20,60,2,210,412,16,32,8,,140,4,,56,,338,10,86,192,22,,,,,,,,,,,,,,,,,
"05/1985",,4,6,110,18,,26,2,10,330,162,2020,142,,380,2,10,460,,10,1762,88,,246,590,,6,,250,18,58,10,94,108,184,,154,2,50,120,96,22,202,,22,8,530,2,12,24,74,2,298,408,16,24,6,,176,2,,76,,426,26,96,200,28,,,,,,,,,,,,,,,,,
"06/1985",,2,4,78,12,2,32,,6,372,156,2208,114,2,428,6,4,420,,20,1762,80,,306,620,,,,248,10,60,2,134,72,232,,164,6,64,158,108,30,230,,10,4,462,4,20,32,90,4,302,520,2,34,8,,272,2,,88,,378,20,124,192,24,,,,,,,,,,,,,,,,,
"07/1985",,2,,90,16,,28,4,20,406,102,2118,98,2,374,2,8,494,,16,1700,116,2,276,692,,2,,238,24,62,10,84,94,208,,156,2,70,142,100,34,242,,16,10,442,2,20,36,60,,306,406,18,46,18,,224,2,,64,,390,24,120,220,22,,,,,,,,,,,,,,,,,
"08/1985",,,6,110,24,2,38,4,16,428,138,2170,116,4,382,2,,496,,16,1892,112,2,300,588,,2,,252,24,64,2,98,112,226,,150,2,68,148,94,30,256,,14,12,474,2,24,30,82,2,274,470,26,38,8,,218,2,,60,,462,20,144,244,40,,,,,,,,,,,,,,,,,
"09/1985",,2,,68,12,,22,,8,362,112,2068,102,,328,,,422,,14,1878,118,2,288,488,,6,,228,14,54,8,72,94,162,,134,,46,128,88,24,202,,6,6,476,4,20,38,76,6,220,418,18,34,10,,164,,,52,,386,18,168,154,26,,,,,,,,,,,,,,,,,
"10/1985",,,,90,14,,44,,12,396,148,2108,134,,392,,2,428,,28,1824,110,,238,428,,4,,254,24,52,,88,94,124,,92,4,38,134,90,30,216,,4,4,500,4,6,36,88,2,266,416,22,42,8,,112,2,,48,,422,8,162,188,22,,,,,,,,,,,,,,,,,
"11/1985",,4,,114,12,,28,6,4,384,106,2074,128,2,388,,6,476,,20,1860,104,,260,308,,2,,250,8,72,,88,78,82,2,36,,66,120,82,16,294,,4,12,488,4,12,42,90,10,270,502,16,26,8,,96,,,46,,428,16,126,238,26,,,,,,,,,,,,,,,,,
"12/1985",,2,4,70,18,2,24,2,,392,130,1916,126,,384,,4,476,,14,1754,68,2,228,238,,,,208,28,74,,78,96,58,2,24,,50,134,102,20,280,,6,6,486,2,2,36,78,6,258,436,10,34,,,54,,,70,,336,4,160,182,22,,,,,,,,,,,,,,,,,
"01/1986",,,,66,8,2,22,,4,324,98,1776,78,,378,,4,390,,10,1444,74,,252,226,,2,,214,18,58,2,62,88,52,,28,2,42,108,90,18,236,,8,6,390,2,4,16,66,6,250,362,8,30,12,,62,2,,40,,366,10,94,156,26,,,,,,,,,,,,,,,,,
"02/1986",,,,68,10,,20,,4,280,108,1544,98,,250,,2,338,,12,1306,74,,200,218,,,,196,14,54,2,54,60,74,2,40,4,60,90,80,26,190,,8,12,374,,4,16,44,4,228,326,14,34,8,,52,,,24,,316,10,60,152,20,,,,,,,,,,,,,,,,,
"03/1986",,2,,66,16,,16,,4,412,112,1798,116,,356,,8,430,,6,1564,94,,234,354,,,,208,6,42,4,64,80,112,,70,10,62,120,92,20,232,,12,10,448,,4,16,36,6,242,404,12,24,12,,102,,,50,,412,2,106,170,26,,,,,,,,,,,,,,,,,
"04/1986",,,,74,28,,34,,8,380,118,1914,140,2,326,,,416,,16,1646,106,,228,406,,6,,190,16,46,2,56,84,160,,104,2,38,92,82,42,212,,2,20,402,,8,14,64,2,202,404,14,22,6,,116,2,,58,,384,8,88,164,24,,,,,,,,,,,,,,,,,
"05/1986",,4,4,92,18,,42,2,12,462,140,2090,158,,402,2,10,478,,20,1900,108,,256,536,,,,250,18,56,2,108,58,170,,136,4,62,140,122,24,256,,8,6,508,,10,38,86,2,264,408,16,44,4,,172,2,,36,,452,14,106,188,30,,,,,,,,,,,,,,,,,
"06/1986",,,4,100,20,,28,4,12,408,134,2144,138,,432,,8,506,,16,1944,92,,280,598,,,,230,18,50,10,86,92,198,,166,4,62,114,116,26,292,,14,12,548,,14,38,96,6,268,482,14,38,12,,204,2,2,64,,402,18,152,216,18,,,,,,,,,,,,,,,,,
"07/1986",,4,2,102,24,2,38,,12,374,144,2180,148,,434,,2,538,,18,1906,128,,246,704,,,,214,24,66,,116,108,204,,124,6,82,140,106,20,278,,8,22,500,2,8,28,80,12,326,510,12,34,12,,276,2,,92,,448,10,146,200,28,,,,,,,,,,,,,,,,,
"08/1986",,6,2,72,28,4,20,2,14,476,176,2426,142,6,472,,4,578,,18,2046,118,,326,636,,2,,244,18,66,6,124,112,208,2,154,12,76,146,124,34,328,,10,14,610,,4,16,84,10,318,560,18,42,16,,210,2,,60,,480,16,156,204,28,,,,,,,,,,,,,,,,,
"09/1986",,,6,104,20,2,34,,10,382,164,2086,148,2,366,,6,490,,16,1746,98,2,280,488,,2,,202,22,56,4,98,110,170,2,134,6,46,110,118,12,280,,8,10,516,,12,26,78,,290,504,6,30,18,,180,2,2,56,,436,22,140,180,20,,,,,,,,,,,,,,,,,
"10/1986",,4,2,82,20,,32,4,4,394,138,2190,174,2,428,,,574,,10,1908,70,,290,386,,4,,262,16,36,2,86,86,134,2,74,16,60,148,122,42,302,,10,14,530,,4,42,100,4,322,438,24,38,12,,132,,,56,,500,4,138,198,40,,,,,,,,,,,,,,,,,
"11/1986",,6,2,72,18,2,34,,,434,144,2102,142,,434,,,564,,8,1786,80,,274,384,,2,,250,20,38,6,102,76,76,,46,22,60,112,144,20,246,,6,8,516,2,,40,70,8,296,462,22,38,16,,86,4,,86,,446,4,148,146,32,,,,,,,,,,,,,,,,,
"12/1986",,2,6,72,10,2,20,,6,388,170,2042,156,,400,,4,526,,10,1810,90,,278,314,,2,,240,16,66,2,82,104,60,,20,22,54,140,142,24,298,,,24,516,,6,16,58,2,288,476,16,28,20,,76,,,60,,428,10,150,218,28,,,,,,,,,,,,,,,,,
"01/1987",,,,64,20,,34,2,2,350,102,1712,110,2,410,,2,438,,8,1474,82,2,248,238,,4,,196,24,42,2,90,62,28,,18,10,52,96,82,32,238,,,10,398,,4,30,66,2,218,392,10,18,8,,48,,,46,32,352,2,140,118,24,,,,,,,,,,,,,,,,,
"02/1987",,,,60,18,,20,,6,304,106,1624,144,,324,,2,354,,8,1420,82,,218,244,,,,188,26,42,2,70,60,38,,24,8,46,84,88,28,216,,8,12,400,,2,10,70,2,250,306,4,22,8,,36,,,66,26,300,4,96,132,24,,,,,,,,,,,,,,,,,
"03/1987",,4,2,64,14,,20,2,4,358,106,1824,102,2,398,,,446,,6,1470,94,,200,338,,2,,172,22,40,6,84,80,76,,64,32,48,122,116,26,200,,10,10,428,4,8,4,68,10,268,408,16,24,8,,78,,,52,46,450,8,132,178,34,,,,,,,,,,,,,,,,,
"04/1987",,2,4,46,24,2,32,,,352,160,1902,110,4,404,,,428,,12,1518,56,,218,412,,,,210,34,54,2,82,78,112,,78,20,44,126,126,32,260,,6,20,434,2,14,24,78,4,246,408,14,26,12,,116,,,36,76,416,10,138,130,16,,,,,,,,,,,,,,,,,
"05/1987",,2,6,60,24,2,40,2,2,394,168,2022,148,2,462,2,2,480,,24,1774,82,,234,584,,2,,170,42,46,6,86,82,192,4,132,22,84,118,108,32,260,,12,16,434,2,14,32,76,4,292,494,12,22,10,,200,2,2,50,112,478,10,178,154,32,,,,,,,,,,,,,,,,,
"06/1987",,2,6,74,22,,36,2,14,398,144,2144,132,2,416,2,4,530,,24,1822,102,,266,574,,,,222,14,74,2,98,102,172,,132,16,56,130,146,28,310,,6,16,494,4,4,38,80,2,288,460,22,38,16,,194,2,,80,116,390,6,166,222,26,,,,,,,,,,,,,,,,,
"07/1987",,2,,78,14,,26,4,14,402,140,2090,138,4,406,,6,576,,10,1932,94,,310,612,,,,232,18,58,2,116,82,210,,150,50,58,106,136,40,260,,16,24,522,,18,40,52,4,240,480,14,44,12,,230,2,,64,138,510,14,158,186,44,,,,,,,,,,,,,,,,,
"08/1987",,4,2,66,22,,42,2,8,422,150,2456,130,,536,4,,534,,12,2168,118,,350,596,,,,226,32,78,14,120,114,186,,140,32,78,132,136,28,280,,12,22,566,4,18,22,104,6,282,528,22,40,14,,202,,,78,130,486,14,158,200,52,,,,,,,,,,,,,,,,,
"09/1987",,6,,56,20,2,48,,16,416,132,2204,150,2,448,,6,490,,10,1912,114,,282,514,,4,,270,34,64,2,100,108,138,,110,22,60,142,124,26,274,,12,16,466,6,6,26,84,6,272,404,10,30,10,,158,,,72,104,506,14,126,182,24,,,,,,,,,,,,,,,,,
"10/1987",,2,,80,34,2,38,4,4,486,172,2390,156,,442,,4,602,,12,2120,98,,288,484,,,,284,22,72,6,86,68,90,2,94,40,90,150,132,20,246,,20,20,556,,12,24,90,,282,536,16,62,20,,136,2,2,76,76,514,10,134,204,36,,,,,,,,,,,,,,,,,
"11/1987",,,4,52,14,,46,,2,440,160,2266,146,,442,2,2,492,,12,1988,108,,266,350,,2,,232,32,36,,88,86,56,2,56,30,58,108,146,48,252,,8,14,474,,4,16,46,6,326,512,22,34,14,,60,,4,90,58,458,6,164,190,32,,,,,,,,,,,,,,,,,
"12/1987",,2,4,48,14,,28,4,4,438,152,2168,160,,430,,4,560,,16,1960,118,2,284,338,,,,212,38,62,8,112,116,50,,22,28,72,100,122,28,320,,4,20,478,2,2,18,98,4,312,480,28,26,16,,52,,,64,28,496,4,148,194,26,,,,,,,,,,,,,,,,,
"01/1988",,,,52,22,,28,,4,298,126,1728,128,,402,,2,430,,4,1544,88,,216,214,,,,182,24,36,6,104,84,50,,30,38,48,80,126,36,266,,2,30,418,,,32,80,4,232,374,14,22,8,,50,,,76,32,386,2,108,136,20,,,,,,,,,,,,,,,,,
"02/1988",,4,,50,22,,34,,,310,124,1664,124,,346,,,368,,2,1378,112,,266,274,,2,,194,18,46,,54,68,48,,52,28,60,108,102,22,230,,4,24,382,,4,12,76,,204,336,10,20,16,,62,,,46,32,410,2,72,128,30,,,,,,,,,,,,,,,,,
"03/1988",,2,,52,16,2,42,4,,350,130,1804,140,2,394,,2,434,,6,1740,130,2,258,348,,,,214,42,38,8,86,64,80,2,62,54,48,112,108,34,212,,8,32,436,,6,16,66,,238,378,22,36,10,,90,,,38,66,432,8,96,148,38,,,,,,,,,,,,,,,,,
"04/1988",,6,,54,26,,38,2,8,350,112,2012,116,4,406,,,472,,4,1734,102,,250,428,,2,,208,26,40,12,94,84,110,2,72,56,42,118,162,36,226,,8,20,462,,6,22,70,4,258,438,8,30,6,,118,,,78,74,420,20,90,150,24,,,,,,,,,,,,,,,,,
"05/1988",,2,2,44,18,,38,,4,400,132,2022,124,2,474,,2,500,,6,1928,98,,256,510,,2,,204,30,54,4,92,108,158,,106,68,64,132,140,28,256,,2,26,520,,6,24,80,6,266,422,18,24,2,,172,2,,48,120,488,6,96,156,40,,,,,,,,,,,,,,,,,
"06/1988",,2,,64,10,2,48,2,6,362,136,2178,142,2,438,,6,556,,12,1984,102,,302,542,,,,256,30,44,2,90,106,164,,144,50,76,130,148,38,248,,12,12,512,,8,36,88,6,278,452,10,36,18,,162,2,,64,130,472,16,116,168,36,,,,,,,,,,,,,,,,,
"07/1988",,,2,56,12,2,40,,8,418,130,2294,128,4,454,,,588,,,2058,102,,308,524,,2,,242,34,58,4,130,74,146,,204,58,82,138,134,48,274,,8,52,506,2,10,42,64,8,278,476,12,32,10,,168,,2,74,162,494,8,140,180,38,,,,,,,,,,,,,,,,,
"08/1988",,2,2,50,20,,52,,2,430,130,2318,154,2,474,,4,574,,6,1950,130,,324,600,,,,230,48,54,2,108,80,166,,134,68,66,142,120,42,328,,12,18,542,,12,38,102,,210,492,12,28,8,,196,,,82,124,572,14,150,156,42,,,,,,,,,,,,,,,,,
"09/1988",,2,4,56,26,,34,2,2,394,140,2338,168,2,496,,,554,,14,2002,80,,328,506,,,,220,30,40,4,108,94,142,,126,54,62,144,96,18,268,,4,20,516,,6,32,90,2,268,484,12,16,12,,118,,,68,102,478,6,124,152,22,,,,,,,,,,,,,,,,,
"10/1988",,4,2,58,26,2,34,,8,414,152,2242,178,4,482,,4,530,,12,2176,116,,322,436,,,,260,42,44,,90,112,110,,92,74,92,124,136,42,276,,10,32,594,2,10,32,84,2,272,532,22,34,8,,106,,,82,70,518,18,134,172,22,,,,,,,,,,,,,,,,,
"11/1988",,4,,52,20,,40,4,2,418,142,2198,132,,544,,,478,,4,1918,114,2,262,342,,2,,192,48,56,8,96,114,48,,54,62,60,70,134,44,278,,6,34,476,2,2,18,84,10,274,460,20,16,16,,58,,,80,60,482,2,130,148,34,,,,,,,,,,,,,,,,,
"12/1988",,4,2,70,24,,50,,6,442,154,2278,168,,482,,2,594,,10,1984,130,,316,308,,,,274,36,56,8,124,96,56,,50,60,82,118,174,44,320,,6,24,608,2,6,12,76,2,298,492,20,34,6,,46,,,80,40,578,,138,162,34,,,,,,,,,,,,,,,,,
"01/1989",,,,38,28,,26,2,6,396,124,1754,146,,472,,,438,4,6,1622,86,,226,288,,,,170,28,28,6,72,76,40,,22,54,74,104,122,18,200,,,38,424,,6,24,90,6,270,424,8,28,10,,46,,,76,42,432,8,106,136,40,,,,,,,,,,,,,,,,,
"02/1989",,,2,34,12,2,20,,2,336,128,1618,116,,356,,,450,2,6,1444,114,,232,238,,2,,152,20,32,6,74,70,32,,22,62,54,100,120,32,206,,2,26,346,,,10,62,,206,362,10,26,10,,42,,,34,32,428,2,72,102,24,,,,,,,,,,,,,,,,,
"03/1989",,,2,50,10,,28,2,,374,136,1870,148,,446,,,536,,2,1640,90,,242,358,,2,,210,30,52,4,92,108,58,,58,46,64,118,152,24,254,,6,26,414,2,8,16,62,,234,406,12,32,6,,74,,,54,50,490,6,90,136,24,,,,,,,,,,,,,,,,,
"04/1989",,4,4,42,8,,40,2,4,344,128,1848,124,,472,2,,508,2,2,1784,106,,246,402,,,,174,36,52,,90,64,136,,62,60,54,108,130,22,204,,4,42,454,4,2,18,86,4,242,424,10,30,8,,72,,,70,66,444,4,92,142,22,,,,,,,,,,,,,,,,,
"05/1989",,,,42,8,,50,2,4,386,116,2014,138,,386,,2,506,,8,1824,86,,252,490,,,,194,42,48,2,68,108,130,,134,60,60,112,94,16,222,,,26,510,,12,26,64,4,256,426,20,20,12,,126,,2,52,88,530,4,124,138,34,,,,,,,,,,,,,,,,,
"06/1989",,,,48,10,2,40,,4,384,138,2010,102,,418,,,528,8,6,1844,104,2,264,446,,,,232,40,46,8,106,80,142,,104,92,62,126,132,28,238,,10,36,476,2,6,30,94,2,244,412,12,22,8,,138,2,,72,106,488,8,116,144,22,,,,,,,,,,,,,,,,,
"07/1989",,,2,52,18,,48,,8,374,140,2158,134,2,432,,2,552,4,12,1914,134,,314,576,,,,256,32,46,4,114,96,136,,136,94,80,112,126,34,252,,6,40,528,,4,42,74,10,228,508,10,30,10,,174,,,72,126,514,8,120,144,36,,,,,,,,,,,,,,,,,
"08/1989",,2,2,38,8,,26,4,2,374,118,2150,146,,474,,2,534,10,10,1946,122,,284,500,,,,230,26,56,2,112,96,162,,142,62,56,156,140,36,246,,6,26,466,,6,46,110,6,250,426,10,28,8,,168,2,,92,116,538,4,148,150,38,,,,,,,,,,,,,,,,,
"09/1989",,6,,52,12,,46,,4,414,132,2240,156,4,456,,,536,4,10,1976,108,,298,464,,,,206,50,56,,96,112,94,,104,48,62,122,134,28,266,,10,22,464,,6,18,78,4,250,476,10,26,4,,110,,,84,114,522,,100,130,32,,,,,,,,,,,,,,,,,
"10/1989",,,2,62,24,,18,2,4,426,156,2202,126,,464,,,532,4,2,1964,122,,296,416,,2,,230,56,60,6,104,94,108,,124,60,76,140,132,44,256,,,46,552,2,6,36,90,6,254,504,12,32,16,,128,,2,92,74,542,6,114,158,28,,,,,,,,,,,,,,,,,
"11/1989",,,2,52,18,,34,2,2,388,144,1920,108,4,398,,2,550,8,8,1858,152,,270,346,,,,230,36,56,4,82,78,52,,20,68,48,104,130,18,250,,6,32,496,,,26,82,6,222,434,6,14,16,,42,,,84,48,498,,126,150,30,,,,,,,,,,,,,,,,,
"12/1989",,2,2,72,10,,44,2,,406,144,2118,140,,466,,,558,8,10,2074,116,,268,360,,,,234,58,64,8,126,76,34,,12,58,50,102,160,34,318,,2,52,646,,6,24,86,6,260,562,14,28,22,,40,,,98,24,542,2,142,134,30,,,,,,,,,,,,,,,,,
"01/1990",,4,2,42,24,,26,2,2,358,112,1762,112,,344,,2,442,10,4,1666,100,2,188,248,,,,190,62,42,4,88,94,36,,14,66,50,98,160,30,218,,4,34,394,,2,10,86,,216,412,,24,6,,20,,,66,40,490,2,110,108,32,,,,,,,,,,,,,,,,,
"02/1990",,,4,32,14,,24,2,,302,114,1480,108,,348,,2,444,2,2,1436,88,,222,250,,2,,188,36,24,,92,84,22,,56,70,48,88,106,22,222,,,18,406,,2,10,58,,196,366,8,16,14,,42,2,,76,40,384,2,98,104,38,,,,,,,,,,,,,,,,,
"03/1990",,6,,40,18,,26,,,336,128,1876,100,,392,,2,438,2,4,1704,128,,276,368,,2,,202,34,48,10,78,82,72,,66,62,76,114,98,28,214,,2,36,488,2,,24,62,,220,412,12,20,4,,84,2,,72,36,502,2,88,150,18,,,,,,,,,,,,,,,,,
"04/1990",,4,,44,14,,20,2,6,322,130,1808,88,,430,,2,458,8,4,1648,116,,246,408,,,,192,58,38,2,72,72,66,,98,56,68,92,134,24,254,,6,36,486,,2,16,76,4,224,404,16,14,8,,94,,,68,90,422,4,74,148,16,,,,,,,,,,,,,,,,,
"05/1990",,2,4,38,16,,54,,,398,152,1942,130,,410,,,460,10,10,1812,140,2,248,428,,,,180,30,42,10,94,114,144,,120,56,50,98,154,30,282,,2,40,512,6,6,26,68,4,248,390,6,28,10,,98,,2,60,96,472,8,94,136,22,2,,,,,,,,,,,,,,,,
"06/1990",,,4,48,14,,34,,2,374,154,2034,166,,422,,4,490,6,6,1840,118,2,248,530,,,,236,36,40,8,90,90,144,,142,78,68,132,152,30,238,,4,40,538,,8,22,82,12,238,446,14,24,12,,208,,,60,110,544,14,78,132,42,,,,,,,,,,,,,,,,,
"07/1990",,4,2,28,26,,66,,2,344,160,2302,148,,438,2,,522,8,4,2056,114,2,304,574,,2,,206,50,42,6,112,78,164,,160,88,60,92,138,36,250,,8,50,454,2,6,28,56,4,250,462,10,32,10,,186,,,54,148,588,10,94,126,22,,,,,,,,,,,,,,,,,
"08/1990",,2,4,50,20,2,34,,4,408,124,2164,116,4,446,,6,502,6,2,1964,144,,308,544,,,,212,46,44,8,112,96,178,,156,62,68,130,176,26,272,,4,40,460,,4,30,98,4,248,432,4,30,16,,156,,2,76,126,532,12,118,130,34,,,,,,,,,,,,,,,,,
"09/1990",,,,42,14,,40,,2,414,120,1926,126,,504,2,,522,14,4,1836,86,,298,514,,,,212,40,42,6,110,92,100,,140,62,86,92,148,28,270,,6,50,536,,4,30,76,2,232,432,18,28,16,,130,,,94,106,470,12,132,104,34,2,,,,,,,,,,,,,,,,
"10/1990",,,,48,24,,34,,4,366,118,1924,148,4,424,,,484,4,,1892,138,2,262,390,,,,212,44,28,,116,76,92,,104,82,80,126,144,32,232,,2,34,482,2,4,42,84,8,198,422,18,12,10,,70,8,2,70,98,608,2,116,112,32,,,,,,,,,,,,,,,,,
"11/1990",,,4,38,20,,42,,4,382,108,1858,126,,388,,2,474,6,2,1772,106,2,228,372,,2,,196,52,52,2,108,98,68,,100,78,64,90,98,32,196,,4,60,452,,2,34,98,2,282,456,16,18,8,,62,,2,70,52,484,2,104,140,30,,,,,,,,,,,,,,,,,
"12/1990",,,4,38,14,,48,,4,368,156,1858,118,,390,,,496,8,,1760,92,,224,330,,2,,190,32,32,14,116,72,34,,32,54,70,114,136,32,232,,,26,526,2,,20,88,6,270,448,6,12,8,,32,,,66,34,576,4,90,144,32,,,,,,,,,,,,,,,,,
"01/1991",30,4,,22,8,,28,,,274,118,804,116,,216,4,,176,6,2,650,,,2,152,50,,,,10,,4,,,,,,2,40,,74,22,170,4,,18,374,,,,,8,164,320,8,10,14,,,,6,44,,228,2,26,82,16,,,,,,6,20,16,,,,,22,,,,8
"02/1991",8,,,22,8,,36,,,302,106,822,102,,234,,,174,6,2,674,,,4,138,36,,,,4,,10,,,,,,2,50,,72,26,164,4,2,20,340,4,2,,,6,114,344,6,10,8,,,,2,54,2,266,,26,90,14,2,,,,,6,28,28,,,,,10,,,,18
"03/1991",28,,,34,18,,24,,,346,116,956,110,,340,,,226,14,,732,,,2,180,62,,2,,12,,2,,,,,,,56,,92,30,216,4,8,16,388,,2,,,4,186,352,6,18,4,,,,2,50,2,326,2,22,88,44,6,,2,,,14,48,30,,,,,26,2,,,16
"04/1991",16,,,36,8,,24,,,278,96,1002,114,,192,2,,228,14,2,690,,,,186,60,,,,6,,2,,,,,,,70,,70,18,202,2,6,24,338,,2,,,6,166,330,2,16,8,,,,,72,8,264,,24,102,26,4,,,,,22,98,52,,,,,32,,,,22
"05/1991",20,,,30,10,,32,,,374,130,998,90,,262,2,,224,10,2,894,,,2,224,68,,2,,8,,,,,,,,4,58,,92,16,242,2,2,26,408,2,6,2,,2,202,406,10,20,10,,,,,38,2,354,4,18,120,14,4,,2,,,54,156,82,,2,4,,56,2,,,70
"06/1991",20,,,32,26,,30,,,380,102,1114,126,,280,2,,236,16,4,844,,,2,232,66,,,,14,,4,,,,,,2,60,,112,18,224,2,2,30,460,,2,,,8,162,396,10,34,12,2,,,,62,2,274,4,40,90,24,,,,2,,48,180,76,,,4,,66,,2,,66
"07/1991",10,6,,40,20,,34,,,382,132,1032,118,,344,2,,234,8,2,808,,,,210,60,,2,,24,,6,,,,,,2,64,,126,22,240,2,2,34,422,4,6,2,,4,140,382,16,22,14,,,,,78,4,322,,22,116,28,4,,2,,,60,172,100,2,,,,54,,,,120
"08/1991",22,2,,30,14,,24,,,358,148,1146,126,,318,4,,248,10,2,870,,,6,238,60,,,,10,,6,,,,,,4,86,,112,26,254,4,4,42,448,,4,,,2,204,422,16,18,12,,,,,74,2,356,2,24,118,36,12,,4,,,80,162,94,,,,,82,2,,,90
"09/1991",24,2,,26,8,2,30,,,398,114,1078,120,,256,2,,210,10,4,806,,,6,202,48,,2,,14,,4,,,,,,2,54,,102,28,208,2,6,40,436,,2,,,2,206,404,4,22,18,6,,,2,68,4,284,,34,80,28,2,,8,,,60,132,52,,,,,60,,2,,72
"10/1991",14,,,30,4,,34,,,376,128,1144,106,,232,6,,242,10,2,852,,,6,232,54,,2,,22,,2,,,,,,2,110,,102,14,214,2,2,32,368,,2,,,4,222,342,8,12,12,4,,,2,68,2,310,,12,104,32,20,,2,,,52,88,64,,,,,38,,,,40
"11/1991",22,,,26,32,,30,,,400,114,1008,132,,312,2,,264,10,,822,,,,246,60,,2,,10,,10,,,,,,2,88,,94,26,258,,2,38,386,,,,,2,156,452,2,24,4,2,,,,62,2,348,,30,112,30,8,,,,,12,52,34,,,,,28,2,2,,32
"12/1991",24,,,24,24,,28,,,318,102,938,128,,270,4,,246,10,,886,,,4,224,48,2,8,,12,,,,,,,,2,98,,76,24,238,4,4,24,402,2,,,,2,170,404,6,14,6,,,,,66,,276,,44,80,20,6,,2,,,22,34,14,,,,,14,,,,20
"01/1992",10,,,34,10,,24,,,300,106,844,90,,232,4,,192,12,2,670,,,6,176,28,,,,10,,2,,,,,,8,56,,106,34,206,2,,20,366,,,,,6,124,320,8,14,10,4,,,,70,8,268,,20,76,14,4,,,,,20,34,22,,,,,22,,,,18
"02/1992",18,,,24,14,,34,,,308,100,826,94,,230,2,,184,6,,606,,,2,194,40,,,,12,,2,,,,,,4,56,,96,12,182,2,,24,362,,4,,,4,122,290,4,14,6,4,,,,48,,226,,22,74,26,2,,4,,,24,22,26,,,,,20,,,,26
"03/1992",20,,,18,12,,12,,,262,108,926,100,,230,2,,190,10,2,676,,,2,198,44,2,,,8,,2,,,,,,2,50,,84,38,188,2,,20,296,2,2,,,2,166,344,2,16,8,,,,,42,2,226,,8,68,22,6,,,,2,36,64,30,,,,,36,,,,40
"04/1992",20,2,,24,8,2,22,,,296,116,800,108,,240,,,174,16,2,664,,,,180,46,,,,10,,,,,,,,4,52,,66,16,188,2,,30,378,,,2,,,148,344,6,8,12,4,,,,58,,232,,12,72,18,6,,4,,,38,102,44,,,,,46,,,,78
"05/1992",20,,,26,22,,36,,,292,154,1040,108,,244,4,,216,6,,694,,,2,216,58,,,,8,,12,,,,,,4,72,,78,24,234,4,,32,426,,2,,,2,172,386,10,20,10,4,,,2,50,4,302,2,28,100,20,12,,2,,,118,132,72,2,,,,62,,,,96
"06/1992",32,,,36,14,,40,,,368,144,996,102,,284,4,,212,6,2,790,,,8,204,54,,,,18,,4,,,,,,8,64,,82,8,198,6,,28,430,,,,,6,140,378,6,8,8,12,,,2,76,2,310,4,24,90,14,6,,6,,2,100,186,86,,,,,56,,,,68
"07/1992",24,,,22,8,,26,,,244,150,946,130,,274,2,,238,14,4,814,,,6,182,68,,4,,12,,2,,,,,,2,84,,100,20,240,,,26,444,,4,,,2,158,360,6,12,6,2,,,2,60,,302,2,16,82,28,,,,,,72,122,86,2,,,,48,2,,,78
"08/1992",32,2,,22,18,,28,,,358,152,1052,106,,278,4,,202,12,,868,,,,216,58,,4,,14,,8,,,,,,6,70,,118,36,234,,2,30,402,2,2,,,,154,398,6,10,8,2,,,2,70,4,296,,30,110,32,4,,6,,,108,154,92,,,,,54,2,,,82
"09/1992",14,2,,20,10,,24,,,328,104,936,124,,256,2,,186,2,,708,,,2,192,48,,4,,6,,4,,,,,,4,60,,70,30,222,,4,16,358,,2,,,,162,328,10,14,4,6,,,2,52,2,248,2,36,72,26,2,,6,,,78,120,70,,,,,48,,2,,62
"10/1992",26,,,28,8,,26,,,394,150,1110,90,,292,4,,250,10,2,848,,,2,274,52,,2,,14,,4,,,,,,2,66,,138,22,230,2,,36,476,,2,,,4,188,418,12,18,12,12,,,4,64,6,346,,18,102,20,4,,,,,68,78,60,,,4,,32,,2,,62
"11/1992",26,,,22,8,,16,,,390,118,936,116,,288,,,226,10,2,730,,,,254,50,,2,,12,,10,,,,,,4,72,,98,16,228,,,40,454,,,2,,2,172,392,10,22,4,2,,,2,58,2,314,,28,66,28,6,,,,,30,70,32,,,,,26,,6,,28
"12/1992",28,,,22,14,,42,,,358,106,948,132,,282,6,,218,16,,824,,,4,268,74,,8,,10,,6,,,,,,2,70,,94,22,214,2,4,30,426,,2,2,,,192,404,6,12,6,18,,,,86,6,314,,28,106,16,6,,,,,16,26,18,,,,,16,,6,,14
"01/1993",26,,,20,16,,40,,,292,116,844,94,,216,4,,176,2,8,642,,,4,192,40,,2,,16,,4,,,,,,4,68,,72,16,202,6,2,10,352,,4,,,4,128,336,12,10,6,8,,,,44,2,254,,12,82,20,2,,,,,24,46,24,,,,,14,,2,,24
"02/1993",10,,,16,6,,18,,,232,100,780,112,,224,2,,192,2,,590,,,4,194,36,2,8,,,,4,,,,,,4,60,,78,22,214,,,32,342,,2,,,6,144,274,6,18,4,6,,,,50,2,252,,14,74,8,4,,,,,30,36,28,,,,,22,,,,26
"03/1993",20,4,,20,14,,28,,,336,98,832,76,,242,8,,196,12,2,640,,,2,198,50,,6,,2,,,,,,,,2,66,,88,22,200,,4,38,394,,4,,,2,156,356,12,4,4,12,,,4,48,4,254,,22,60,32,4,,2,,,62,56,46,,,4,,36,,,,28
"04/1993",12,,,26,16,,24,,,320,104,856,90,,238,,,172,12,4,674,,,2,176,48,,,,12,,2,,,,,,4,68,,100,26,192,10,2,32,378,,,2,,,154,348,2,6,10,,,,4,48,,282,,20,82,18,2,,2,,,88,148,86,2,,2,,52,,2,,48
"05/1993",14,2,,16,12,,32,,,362,140,966,136,,266,,,236,16,2,720,,,10,218,72,,,,10,,,2,,,,,4,68,,80,34,206,4,,54,388,,,2,,,164,404,8,26,10,8,,,,46,10,312,2,26,72,24,4,,2,,,146,170,96,,2,2,,96,,2,,90
"06/1993",22,2,,10,12,,54,,,316,144,876,94,,276,2,,192,16,2,708,,,4,232,56,,6,,18,,2,,,,,,6,72,,98,32,210,2,2,26,392,,2,,,,132,382,14,10,6,10,,,,42,,348,,24,60,30,2,,12,2,,126,156,94,,,8,,72,,4,,86
"07/1993",28,,,18,10,,30,,,360,132,1020,128,,310,2,,192,10,,834,,,4,274,58,,6,,10,,6,,,,,,8,80,,96,24,260,4,2,30,446,,6,4,,2,172,418,4,18,12,20,,,2,68,2,286,,8,64,20,6,,6,,,180,202,130,,,14,,84,4,10,,106
"08/1993",28,,,14,8,,28,,,336,148,1086,132,,244,,,246,28,4,736,,,4,252,60,,,,8,,2,,,,,,8,92,,88,22,210,2,,26,448,2,,,,2,164,382,12,24,14,10,,,4,60,,356,,24,78,16,4,,8,,,154,218,118,,,2,,96,2,4,,124
"09/1993",18,,,16,10,,30,,,326,132,954,100,,230,2,,224,10,4,756,,,2,238,64,,6,,10,,4,,,,,,6,82,,98,20,220,2,,54,402,4,,,,4,176,366,14,14,4,10,,,,56,6,306,2,26,94,18,2,,8,,4,144,174,88,,2,12,,100,,2,,82
"10/1993",18,2,,22,22,,36,,,422,132,1088,134,,282,2,,276,18,,926,,,6,266,60,,14,,16,,10,,,,,,14,110,,110,38,234,4,2,40,466,,2,,,10,172,430,8,12,6,14,,,2,64,2,358,,28,86,24,6,,8,,,84,110,66,,2,8,,52,,8,,80
"11/1993",38,,,28,20,,44,,,362,132,868,136,,242,4,,216,10,4,808,,,,272,74,,4,,16,,,,,,,,4,82,,94,16,210,,,46,498,,,,,2,154,380,6,16,12,22,,,,78,4,280,,28,64,30,4,,2,,,44,54,46,,,2,,24,,2,,38
"12/1993",26,,,14,12,,30,,,356,116,1002,122,,236,,,208,6,,850,,,8,218,62,,2,,8,,,,,,,,6,72,,100,22,256,2,,42,390,,,,,2,170,394,12,8,12,22,,,2,64,2,346,,30,78,24,6,,,,,16,38,18,,,2,,38,,,,18
"01/1994",20,,,18,6,,26,,,270,122,760,80,,210,6,,186,14,2,694,,,,194,44,,,,6,,4,,,,,,6,44,,86,18,182,4,4,38,320,,,,,2,96,304,14,12,16,12,,,2,68,,256,,18,60,40,,,,,,22,52,18,,,,,14,,4,,22
"02/1994",20,,,12,6,,22,,,262,90,652,78,,214,2,,148,14,,594,,,,212,48,,,,10,,2,,,,,,4,44,,80,26,174,,,36,304,,2,,,2,122,286,6,8,10,8,,,,36,4,272,,22,68,22,4,,4,,,24,50,22,,,4,,28,,2,,22
"03/1994",14,2,,14,12,,34,,,314,96,870,96,,188,2,,218,16,2,688,,,2,232,66,,6,,16,,6,,,,,,6,60,,90,10,206,,4,40,382,,4,,,,130,320,14,8,22,8,,,,42,6,254,,18,60,20,4,,2,,,70,84,56,,,6,,42,,4,,24
"04/1994",26,,,10,10,,20,,,330,106,916,114,,230,2,,200,12,2,730,,,2,240,70,,4,,10,,,,,,,,4,60,,80,28,224,2,2,54,338,,,6,,,122,388,6,14,14,12,,,,56,,288,,22,60,20,4,,2,,,86,130,54,,,,,70,4,6,,64
"05/1994",32,,,14,14,,34,,,338,142,850,124,,262,2,,186,14,2,816,,,,234,62,,6,,12,,6,,,,,,8,92,,98,28,218,2,4,36,400,,,4,,2,168,376,8,8,2,32,,,2,40,4,308,,20,52,16,,,2,,2,112,150,112,,,6,,98,,4,,92
"06/1994",30,,,10,16,,32,,,316,110,846,96,,248,4,,200,12,2,750,,,2,284,62,,6,,4,,4,,,,,,4,70,,94,16,208,,2,30,384,,4,,,,120,360,10,14,6,18,,,,96,,306,2,28,78,20,2,,4,,,116,182,88,2,,,,86,,2,,68
"07/1994",32,,,14,22,,32,,,328,138,950,112,,264,,,222,20,2,760,,,2,256,70,,6,,4,,6,,,,,,12,70,,160,28,252,2,4,48,378,,,2,,2,148,386,4,14,4,14,,,2,66,2,360,,22,82,24,10,,16,,4,146,190,120,,,6,,114,,6,,98
"08/1994",36,,,10,4,,34,,,320,144,892,116,,300,2,,208,18,,836,,,,272,84,,6,,14,,12,,,,,,10,92,,126,16,218,,2,56,388,,2,4,,,174,452,4,4,16,16,,,4,66,8,382,,28,86,16,6,,10,,,116,190,102,,,8,,68,,8,,86
"09/1994",38,,,16,4,,34,,,300,98,958,124,,278,6,,212,26,4,760,,,2,290,64,,2,,18,,10,,,,,,10,60,,110,14,174,2,4,60,424,,,,,,158,372,2,8,14,22,,,2,58,6,320,,46,76,20,2,,14,,,118,160,60,,,12,,56,2,2,,80
"10/1994",30,,,24,16,,32,,,346,132,1034,122,,270,,,226,18,,844,,,,292,64,,6,,10,,,,,,,,4,72,,132,34,270,,,56,456,,4,2,,,152,474,12,6,4,22,,,,42,4,340,2,16,86,30,6,,6,,,108,114,70,2,2,6,,62,2,4,,64
"11/1994",22,,,14,10,,20,,,308,120,894,116,,216,,,236,30,,898,,,2,288,70,,2,,8,,8,,,,,,2,102,,136,20,240,,,38,414,,,2,,,192,364,12,10,14,24,,,4,82,2,328,2,14,74,22,4,,2,,,44,46,34,,,4,,26,,2,,28
"12/1994",38,2,,22,16,,40,,,380,124,1054,118,,284,2,,228,16,,862,,,6,308,82,,12,,26,,2,,,,,,2,98,,108,22,278,6,,62,480,,2,,,4,160,402,6,20,10,24,,,,66,8,346,,12,84,26,2,,2,,,32,50,28,,,2,,14,,2,,14
"01/1995",30,,,,12,,32,,,336,86,866,78,,246,2,,192,28,,730,,,2,198,56,,6,,14,,8,,,4,,,8,64,,104,34,178,,,46,302,,,,,2,160,342,4,4,12,10,,,2,42,2,258,,40,54,34,6,,4,,,20,36,10,,,,,14,2,,,24
"02/1995",24,,,12,16,,16,,,266,92,826,74,,188,4,,188,22,,668,,,2,238,68,,4,,6,,4,,,4,,,16,66,,92,30,152,2,,58,288,,4,,,4,138,292,8,10,10,14,,,2,36,8,286,,32,62,22,4,,2,,,32,38,16,,2,4,,28,,,,20
"03/1995",24,,,8,10,,30,,,320,118,820,92,,264,4,,190,22,,770,,,2,262,52,,4,,16,,2,,,2,,,8,70,,110,22,224,,,46,336,,,,,2,128,366,4,10,18,26,,,6,68,2,284,2,28,42,30,2,,4,,,50,78,38,,,6,,42,2,2,,28
"04/1995",44,,,8,8,2,34,,,334,122,882,86,,234,2,,198,18,2,716,,,,258,64,,6,,8,,2,,,2,,,8,66,,82,30,228,4,2,58,324,2,,4,,2,116,366,6,2,4,28,,,2,46,2,306,2,26,62,26,6,,2,,,78,122,68,,,8,,54,,,,34
"05/1995",26,,,12,12,,36,,,338,100,852,112,,244,2,,198,6,4,778,,,2,246,50,,2,,10,,,,,,,,4,60,,110,22,256,4,,48,374,,2,6,,6,108,382,14,10,4,16,,,,76,2,306,,26,52,14,,,,,,98,162,76,,,2,,86,2,4,,98
"06/1995",38,,,16,14,,44,,,344,100,914,126,,262,8,,220,26,4,746,,,,246,82,,4,,6,,2,,,2,,,8,66,,104,26,260,,2,56,388,,4,6,,2,166,356,8,2,6,24,,,2,64,,336,2,22,62,26,4,,6,,,144,172,90,,2,4,,70,2,2,,94
"07/1995",38,,,6,14,,34,,,332,130,878,106,,274,4,,240,22,,808,,,2,266,66,,2,,12,,2,,,4,,,16,84,,120,22,240,,4,54,402,,2,,,2,212,396,10,4,6,30,,,2,36,2,356,,22,72,24,2,2,10,,,130,210,102,2,,6,,66,2,2,,86
"08/1995",30,,,10,6,,44,,,368,98,936,136,,236,,,248,26,,846,,,2,360,98,,12,,10,,8,,,2,,,14,88,,132,34,266,4,,80,456,,2,,,2,130,410,10,4,14,46,,,,68,6,374,2,28,66,16,,,6,,2,132,186,100,,,6,,112,,6,,98
"09/1995",18,,,18,18,,20,,,364,114,972,120,,286,4,,242,40,2,792,,,,284,78,,4,,6,,10,,,,,,6,84,,136,42,250,,,52,424,,2,,,,164,408,14,4,12,24,,,,56,4,312,,20,66,26,,,6,,2,126,150,68,4,,4,,62,2,,,80
"10/1995",40,2,,24,20,,30,,,322,134,1048,120,,256,2,,216,20,2,878,,,,296,88,,6,,6,,4,,,2,,,18,76,,100,34,276,,,54,424,,,4,,6,180,392,14,12,16,46,,,2,68,4,328,,20,72,10,,,6,,4,100,140,56,4,,2,,58,2,,,68
"11/1995",52,,,8,12,,32,,,334,140,820,122,,274,4,,236,30,4,818,,,,318,78,,8,,,,6,,,2,,,20,94,,124,38,224,6,,44,452,,,,,2,146,344,4,,8,42,,,,56,,322,,36,76,24,,,,,,52,46,34,2,,,,28,2,6,,20
"12/1995",36,,,6,18,,46,,,314,186,938,114,,294,2,,230,30,,754,,,,322,62,,4,,2,,2,,,2,,,18,94,,118,34,252,4,2,38,414,2,2,,,6,132,382,2,4,8,44,,,,50,8,334,,36,82,22,,,2,,,30,40,32,,,6,,18,,,,22
"01/1996",26,,,4,6,,36,,,290,110,710,102,,222,2,,134,18,,738,,,,252,74,,6,,4,,2,,,,,,4,54,,120,22,180,2,,64,352,,,,,2,112,336,8,4,6,26,,,,58,2,254,,20,64,26,,,4,,4,26,44,28,,,8,,22,2,,,14
"02/1996",34,2,,8,8,,30,,,262,88,756,94,,274,,,190,14,,604,,,2,222,58,,12,,8,,,,,2,,,10,66,,104,22,216,,,60,354,,2,2,,2,136,332,4,2,2,38,,,2,42,,250,,18,46,22,,,6,,,42,44,24,,,,,24,,2,,20
"03/1996",52,,,14,12,,24,,,276,106,804,92,,274,2,,192,14,,734,,,,244,92,,10,,8,,2,,,4,,,16,86,,88,26,210,,2,58,328,,,,,4,130,368,2,8,12,28,,,,68,4,306,,22,60,32,,,,,2,60,68,24,,,4,,26,2,,,26
"04/1996",44,2,,14,22,,30,,,302,102,858,100,,280,,,184,14,,756,,,,272,66,,4,,12,,4,,,,,,6,70,,120,24,194,,2,64,408,,,2,,4,126,346,6,8,12,24,,,2,40,8,312,2,32,72,30,6,,6,,,86,100,56,2,2,4,,60,,6,,48
"05/1996",50,,,6,8,2,30,,,294,126,834,94,,234,4,,236,18,,744,,,,280,62,,4,,4,,2,,,2,,,16,80,,80,18,192,,,74,378,,,,,,134,398,4,2,4,30,,,,64,,302,2,28,74,20,4,,4,,,134,142,56,,,2,,80,,,,72
"06/1996",56,,,14,10,,44,,,340,112,868,94,,276,2,,194,22,,764,,,,268,54,,2,,6,,2,,,6,,,8,78,,116,32,224,4,,70,368,,,,,,152,394,4,6,14,34,,,4,82,2,338,,28,76,26,,,6,,2,168,172,128,2,,6,,100,2,4,,84
"07/1996",36,2,,8,6,,38,,,316,122,858,114,,276,6,,186,16,,798,,,,260,86,,2,,8,,8,,,4,,,12,80,,108,12,178,2,,56,334,,2,,,,154,360,16,8,10,24,,,2,60,4,288,2,10,106,18,2,,4,,,100,170,84,2,,2,,68,2,,,82
"08/1996",48,4,,,8,,24,,,296,120,940,136,,264,6,,228,14,2,848,,,,292,78,,8,,10,,2,,,6,,,8,86,,112,28,256,2,,50,412,,,2,,,156,342,6,6,2,42,,,,72,2,318,,26,76,36,,,8,,2,172,168,86,,,8,,86,2,4,,92
"09/1996",34,,,8,8,,28,,,306,146,940,106,,272,,,212,14,,796,,,,290,70,,4,,10,,4,,,4,,,8,90,,112,20,208,,2,64,384,,,2,,2,142,414,2,4,8,36,,,4,48,,360,,30,66,26,,,6,,,116,160,72,,,4,,72,,,,64
"10/1996",58,2,,8,12,,38,,,330,130,1030,132,,270,2,,192,12,2,848,,,,350,78,,10,,,,2,,,8,,,12,82,,146,24,240,,,50,438,,,4,,2,164,424,8,8,16,36,,,,50,4,390,2,24,66,28,,,10,,2,100,124,48,,,4,,56,,2,,40
"11/1996",48,2,,6,16,,40,,,344,112,946,128,,290,2,,242,26,2,768,,,,348,76,,16,,8,,4,,,2,,,10,102,,122,30,230,2,,64,410,,2,,,,170,440,6,2,6,48,,,,60,6,320,,24,66,44,,,2,,,36,46,26,,,4,,12,,,,18
"12/1996",40,,,10,14,,36,,,390,120,898,122,,246,2,,246,24,,890,,,,350,60,,10,,6,,4,,,2,,,8,104,,122,22,278,,,56,446,,2,2,,,138,454,,6,6,44,,,,60,2,366,,48,68,30,,,,,,36,34,20,,,6,,8,2,2,,10
"01/1997",50,,,6,10,2,56,,,318,92,848,94,,234,,,206,18,,714,,,,250,50,,4,,6,,8,,,2,,,6,82,,112,10,208,6,,68,336,,,,,,122,376,2,4,4,60,,,2,58,4,276,,22,70,30,4,,,,,26,26,20,,,4,,8,2,,,18
"02/1997",32,2,,10,8,,20,,,266,82,714,86,,218,2,,178,20,,650,,,2,262,52,,18,,2,,8,,,,,,,66,,82,34,188,4,,72,284,,,,,6,82,234,6,4,6,42,,,2,54,2,294,,28,36,28,,,6,,,46,50,20,,,2,,18,,,,22
"03/1997",48,2,,4,12,,26,,,284,116,752,94,,242,4,,170,16,,688,,,,316,66,,10,,8,,2,,,,,,20,84,,110,20,178,2,,62,362,,,,,,122,300,2,4,4,32,,,2,58,,310,,20,62,18,,,8,,,74,64,44,,,4,,28,4,2,,40
"04/1997",34,,,8,4,,32,,,280,140,804,92,,230,2,,212,30,,698,,,2,272,50,,10,,2,,8,,,8,,,14,86,,102,26,174,6,,66,314,,,,,2,150,336,2,,6,36,,,,38,4,294,,14,34,30,,,2,,4,92,74,54,,,10,,56,,,,34
"05/1997",50,,,10,12,,32,,,318,146,870,98,,270,2,,222,16,4,868,,,,298,66,,8,,12,,18,,,8,,,14,72,,120,42,236,2,,70,346,,,,,2,150,372,6,2,4,56,,,2,56,8,342,,12,68,18,,,2,,8,108,148,60,,,4,,86,2,4,,62
"06/1997",50,,,6,4,,22,,,322,102,830,106,,252,,,190,18,2,776,,,,324,52,,10,,4,,2,,,10,,,8,96,,94,22,208,4,2,58,312,,4,,,,132,382,2,2,8,58,,,,70,4,344,,26,76,42,,,12,,,178,168,64,2,,4,,82,2,2,,90
"07/1997",38,2,,14,8,,32,,,326,124,874,124,,282,2,,200,22,2,828,,,2,322,64,,4,,2,,2,,,12,,,10,78,,128,24,214,,,40,384,2,,2,,,146,328,14,2,4,40,,,2,82,2,316,2,24,80,34,,,4,,2,154,194,64,,,8,,76,8,4,,68
"08/1997",48,,,8,4,,34,,,346,120,966,102,,256,,,230,12,,798,,,,334,62,,10,,4,,12,,,4,,,10,96,,100,22,248,6,4,76,390,,2,,,,118,384,8,6,8,42,,,,70,2,320,6,46,58,18,4,,4,,6,146,170,82,,,4,,76,8,,,78
"09/1997",26,,,2,4,,24,,,272,88,792,130,,246,,,184,24,,728,,,2,298,66,,6,,2,,8,,,10,,,14,84,,106,26,212,,2,64,340,,4,,,,120,350,2,6,12,30,,,,48,6,284,2,30,76,30,2,,6,,4,140,118,60,,2,4,,66,2,8,,54
"10/1997",42,,,10,,,42,,,304,118,962,106,,236,2,,226,12,2,846,,,,306,66,,10,,6,,8,,,2,,,10,92,,96,38,228,,2,70,404,,,4,,4,126,384,10,2,8,48,,,,84,2,330,2,36,58,42,2,,6,,2,126,112,66,,,4,,66,,2,,46
"11/1997",30,,,,14,,42,,,324,118,836,106,,238,4,,200,22,,796,,,,314,56,,6,,6,,10,,,6,,,20,98,,102,34,226,2,,64,350,,,,,,118,402,4,,2,58,,,2,68,10,316,,30,62,36,,,,2,,48,40,22,,,4,,30,4,4,,28
"12/1997",38,,,6,18,,36,,,358,162,930,112,,256,4,,212,20,,904,,,,296,64,,4,,10,,4,,,2,,,26,84,,114,36,236,,2,88,398,,2,2,,2,136,428,2,2,6,52,,,,80,,296,,24,74,18,,,,,,24,28,22,,,6,,24,2,,,20
"01/1998",46,,,2,4,,42,,,288,114,754,82,,248,2,,178,20,2,652,,,,260,56,,12,,4,,,,,6,,,6,90,,110,22,230,4,,68,278,,2,,,,124,330,4,14,6,44,,,,38,2,280,,16,46,28,,,2,,,36,18,12,,,4,,26,4,,,22
"02/1998",44,,,4,16,,30,,,256,98,664,82,,196,4,,190,24,,638,,,,248,60,,6,,6,,2,,,8,,,6,88,,86,26,206,2,,52,298,,,,,2,96,276,6,,4,34,,,,48,2,290,,16,56,20,4,,2,,,42,54,16,,,6,,8,,,,18
"03/1998",46,,,4,8,,26,,,246,136,716,76,,234,4,,178,16,,680,,,,244,50,,6,,4,,4,,,8,,,14,88,,84,30,214,,,74,318,,2,,,2,110,390,6,4,12,42,,,2,32,2,254,,18,58,34,2,,10,,,48,68,32,,,2,,28,,,,28
"04/1998",54,,,4,2,,36,,,250,106,688,74,,228,,,164,22,,706,,,,286,50,,4,,4,,16,,,2,,,12,80,,114,26,234,2,,50,304,,,,,,98,296,4,,6,48,,,,68,,292,,26,54,36,,,2,,4,102,96,60,,,6,,40,2,2,,40
"05/1998",42,2,,2,10,,34,,,312,112,792,134,,234,2,,188,14,,768,,,,286,68,,12,,4,,10,,,2,,,12,68,,98,28,188,,2,70,306,,,2,,2,116,362,,2,6,32,,,,48,,300,,24,76,24,4,,8,,,156,152,82,4,,12,,78,4,,,62
"06/1998",32,,,2,12,,20,,,316,112,778,110,,236,,,172,16,,712,,,2,280,58,,10,,4,,2,,,4,,,22,70,,94,32,210,2,2,68,342,,2,,,,116,368,4,4,18,60,,,,52,6,250,,12,48,20,,,4,,,130,142,90,,,10,,68,,10,,54
"07/1998",38,,,6,10,,44,,,304,136,824,132,,250,,,232,16,,796,,,2,318,84,,8,,4,,,,,14,,,8,116,,104,34,196,4,,70,328,,,,,,146,362,4,,6,54,,,,78,8,312,,18,54,24,,,8,,,166,202,120,,2,6,,126,6,4,,74
"08/1998",42,2,,2,12,,30,,,316,128,910,108,,264,,,186,18,,818,,,4,344,56,,10,,8,,2,,,10,,,16,104,,102,36,262,,,58,372,,2,,,,110,416,6,6,16,54,,,,62,4,328,,24,84,26,,,12,,2,204,142,114,2,,4,,96,6,4,,82
"09/1998",36,,,4,4,,36,,,286,116,828,88,,232,,,216,20,,738,,,6,342,52,,4,,8,,4,,,4,,,20,90,,86,28,198,10,,76,300,,,,,4,136,366,6,4,6,44,,,2,58,6,264,,16,66,38,,,2,,,144,164,66,2,,12,,62,4,6,,76
"10/1998",56,4,,,6,,42,,,284,100,818,136,,262,2,,200,18,,838,,,,330,64,,14,,4,,10,,,6,,,10,102,,130,46,230,2,,82,360,,,2,,,130,396,10,2,4,54,,,,44,6,282,,20,60,26,,,6,,4,128,110,72,2,,10,,48,,2,,48
"11/1998",48,,,4,10,,40,,,290,130,720,120,,234,4,,206,22,,754,,,,366,70,,12,,2,,,,,8,,,6,84,,132,38,230,,,68,356,,4,2,,,126,378,2,6,6,42,,,,56,4,344,,22,62,38,,,2,2,,78,58,34,,,16,,30,,2,,20
"12/1998",58,,,4,10,,34,,,354,120,946,100,,238,4,,202,32,,836,,,,306,76,,20,,8,,6,,,8,,,8,100,,146,34,226,,,70,328,,2,2,,,122,396,10,6,10,74,,,,44,,314,,18,94,34,2,,6,,,48,40,12,,,,,24,2,,,30
"01/1999",46,,,4,8,,30,,,250,82,644,56,,182,2,,164,14,,610,,,2,284,56,,6,,2,,2,,,12,,,22,84,,100,18,170,,,54,280,,2,2,,2,80,276,2,,8,64,,,2,48,2,256,,18,60,18,,,,2,2,32,34,8,,,4,,12,,,,20
"02/1999",30,,,2,8,,34,,,206,90,596,76,,186,2,,148,10,,594,,,,254,44,,10,,2,,2,,,14,,,24,84,,74,32,196,,,54,236,,,,,,72,308,,,6,44,,,,52,,256,,12,52,18,,,4,,,50,34,32,,,6,,22,2,,,30
"03/1999",42,,,4,8,,26,,,266,88,808,70,,218,,,170,4,,666,,,,276,36,,10,,6,,6,,,10,,,16,74,,108,10,196,,,56,300,,,,,,110,382,4,,8,52,,,,32,2,336,,2,44,18,,,,,,76,72,32,2,,8,,50,,,,38
"04/1999",42,2,,4,4,,28,,,240,100,700,90,,216,2,,194,12,,628,,,2,244,54,,4,,,,10,,,8,,,26,70,,72,14,208,,,72,300,,,2,,,106,294,6,,6,44,,,2,60,2,288,,12,58,22,4,,10,2,6,128,118,36,,,8,,52,2,2,,64
"05/1999",52,,,6,10,,32,,,322,102,776,62,2,234,2,,216,22,2,736,,,,318,70,,10,,4,,10,,,4,,,22,82,,106,20,176,,,80,360,,2,2,,2,120,410,2,2,10,78,,,,54,2,288,,24,72,22,,,2,,4,168,146,78,,,8,,90,2,,,64
"06/1999",48,,,6,2,,24,,,290,104,780,98,,250,2,,192,18,,722,,,2,266,52,,14,,2,,6,,,18,,,12,96,,118,28,218,,2,76,272,2,2,,,2,84,338,2,2,6,62,,,,54,2,268,2,18,64,26,,,8,,4,158,152,136,4,,14,,88,,10,,52
"07/1999",32,,,6,14,,44,,,278,118,748,102,,202,,,194,26,,768,,,,290,68,,6,,2,,6,,,8,,,24,106,,110,18,210,2,4,62,342,4,,,,,92,372,6,,6,60,,,4,46,6,284,,16,64,16,,,4,,4,188,180,98,,,24,,96,2,6,,104
"08/1999",44,,,6,12,,44,,,268,104,830,94,2,204,,,172,18,,754,,,,338,62,,16,,4,,10,,,14,,,18,106,,140,22,194,,4,70,368,,,,,,132,414,10,,2,76,,,,50,2,300,,18,48,22,,,8,,2,196,176,110,,,10,,88,2,,,108
"09/1999",56,,,4,2,,42,,,292,146,704,132,,230,6,,218,16,,716,,,,298,72,,4,,4,,2,,,8,,,12,84,,88,20,238,2,2,68,276,,2,,,,104,346,4,,8,62,,,,30,,342,,14,54,20,,,4,,6,192,144,68,,,8,,66,6,,,88
"10/1999",48,,,6,10,,50,,,326,112,816,102,,256,2,,204,20,,860,,,,356,62,,12,,,,8,,,20,,,24,90,,90,28,228,,,54,284,2,,,,,120,372,10,,10,58,,,4,38,4,328,,14,74,24,,,10,,,160,120,52,,,12,,64,2,2,,46
"11/1999",50,,,2,10,,44,,,278,120,848,120,4,264,,,194,16,,758,,,2,364,68,,16,,12,,12,,,6,,,10,86,,106,32,244,2,,68,320,,2,,,,104,380,8,4,,60,,,,36,4,302,,8,60,28,,,2,,2,82,70,28,,,6,,34,2,8,,36
"12/1999",66,,,6,6,,50,,,290,84,858,92,,272,2,,252,14,2,866,,,,386,66,,14,,6,,4,,,16,,,26,80,,94,24,204,,,92,306,,,2,,,132,376,8,,4,68,,,,52,,298,,18,64,36,,,2,,,44,34,12,,,6,,22,,,,16
"01/2000",35,,,,5,,18,,,132,44,342,40,,90,,,91,8,,312,,,,135,19,,4,,,,3,,,11,,,14,32,,52,17,80,,,34,150,,,2,,,50,155,3,,3,30,,,,26,,137,,4,39,10,2,,1,,,23,21,12,1,,2,,12,,,,8
"02/2000",22,1,,2,2,,16,,,121,34,294,50,,96,,,81,6,1,319,,,,147,25,,7,,1,,1,,,2,,,4,39,,40,10,81,,,39,116,,,,,,33,143,1,,2,27,,,1,18,3,108,,3,23,11,,,,,,22,28,12,,,3,,10,1,,,14
"03/2000",23,,,2,3,,11,,,122,49,345,47,,105,,,79,4,1,316,,,,145,27,,6,,1,,2,,,6,,,9,42,,64,13,76,,,34,143,,,,,,48,156,2,2,10,33,,,,18,5,136,,4,24,6,,,3,,1,74,38,22,1,,3,,30,1,,,26
"04/2000",21,,,4,7,,20,,,137,35,357,46,,109,2,,113,3,,354,,,1,185,25,,5,,2,,1,,,9,,,10,51,,50,18,97,,,44,137,,1,,,,45,169,,,3,39,,,,29,5,156,,5,25,12,,,4,,1,84,62,28,,,4,,33,1,,,31
"05/2000",32,,,1,6,,17,,,141,60,321,41,,82,,,103,8,,321,,,1,173,27,,3,,2,,2,,,11,,,6,40,,52,20,107,,,50,161,,,1,,1,51,167,3,,2,35,,,,24,5,152,,9,41,15,1,,2,,1,102,73,52,1,,5,,46,1,2,,44
"06/2000",40,,,2,5,,22,,,145,47,359,62,,110,,,85,7,,328,,,,164,35,,7,,1,,3,,,10,,,13,36,,55,19,89,,,38,143,1,,1,,1,47,187,1,,1,37,,,3,12,2,149,,8,32,12,,,3,,2,107,103,54,,,10,,60,6,4,,51
"07/2000",42,1,,2,5,,17,,,140,51,409,57,,123,2,,92,9,,386,,,1,168,29,,7,,6,,3,,,5,,,10,52,,58,10,119,1,,53,149,,,,,1,36,177,4,,5,47,,,,19,2,168,,7,39,10,,,,1,1,121,105,53,,,10,,55,3,3,,49
"08/2000",29,,,,4,,21,,,160,62,370,52,2,126,1,,97,9,,371,,,,171,33,,7,,,,6,,,6,,,17,37,,63,21,83,,,40,156,,1,,,,55,173,2,,3,24,,,,23,4,153,,6,24,15,,,4,,3,144,95,61,,1,7,,56,2,5,,50
"09/2000",31,,,2,2,,17,,,125,68,369,51,2,112,,,89,9,,378,,,,157,32,,4,,2,,5,,,11,,,8,46,,57,16,107,,1,52,131,,,2,,,60,186,3,,5,37,,,1,30,2,161,,8,30,15,,,6,,2,114,71,43,,,11,,49,2,2,,47
"10/2000",40,,,1,4,,19,,,131,66,376,67,3,101,,,103,6,,368,,,2,199,42,,6,,,,5,,,13,,,4,50,,60,7,131,,,39,148,1,,,,,59,181,5,2,3,44,,,,29,1,169,,13,27,15,,,2,,1,83,52,31,,,4,1,33,5,,,39
"11/2000",25,,,1,3,,22,,,133,51,364,56,2,93,,,103,9,1,313,,,,179,29,,5,,1,,3,,,7,,,12,51,,56,14,104,1,,48,135,,1,,,,52,186,2,,3,39,,,,22,3,175,,10,39,9,,,1,,1,49,17,13,,,8,,14,,,,16
"12/2000",30,,,1,4,1,22,,,150,50,341,51,4,101,,,109,10,,373,,,,186,29,,5,,1,,3,,,8,,,9,40,,59,19,101,1,,30,127,,1,,,,40,146,6,,8,50,,,,36,3,168,,16,26,13,,,3,,,12,20,15,,,4,,12,,2,,14
"01/2001",25,,,3,2,,17,,,109,58,306,49,3,91,,,64,13,,306,,,,148,30,,7,,,,4,,,8,,,10,40,,58,11,87,,,40,131,,,,,,47,158,5,,2,23,,,,24,1,135,,10,26,16,,,2,,,16,25,5,,,4,,8,1,1,,11
"02/2001",25,,,1,4,,24,,,113,46,292,36,1,110,,,68,9,,279,,,,153,14,,7,,1,,4,,,9,,,14,26,,40,9,92,2,,32,121,,,,,,28,145,2,,5,38,,,,23,,149,,12,29,12,,,,,1,25,27,14,,,4,,15,,,,11
"03/2001",24,1,,,5,,20,,,115,51,322,45,3,101,2,,99,8,,316,,,,149,32,,13,,,,3,,,9,,,13,44,,50,13,99,,,44,101,,1,,,,46,141,2,,2,26,,,2,30,2,148,2,8,27,12,,,4,,2,49,30,21,,,4,,27,,2,,17
"04/2001",35,,,1,4,,16,,,116,46,353,44,2,118,2,,87,10,,323,,,,152,28,,8,,3,,2,,,10,,,10,52,,45,16,92,,,36,115,,,1,,,37,145,5,,1,38,,,,25,4,166,,10,20,15,1,,3,,4,97,58,35,,,11,,42,1,3,,54
"05/2001",33,,,3,10,,14,,,126,52,316,40,4,112,,,108,9,,352,,,,187,32,1,14,,,,3,,,13,,,14,47,,53,11,109,1,1,54,128,1,1,,,,40,158,3,1,4,29,,,,24,3,158,,9,17,11,,,4,,2,89,82,47,,,10,,59,1,2,,61
"06/2001",34,,,2,4,,19,,,127,48,345,56,,92,,,99,7,1,309,,,,164,29,,4,,1,,,,,18,,,11,39,,51,22,106,1,1,37,121,,1,,,,48,164,2,,2,30,,,,33,3,158,,10,35,12,,,4,,1,124,92,55,,,13,,45,5,6,,57
"07/2001",29,,,2,3,,17,,,142,51,379,47,5,105,,,91,9,,367,,,,197,28,,5,,1,,5,,,11,,,11,45,,47,17,107,1,1,40,126,,,,,,53,172,2,,2,46,,,,20,,167,,5,31,11,,,7,,1,122,109,56,1,,10,,73,5,3,,54
"08/2001",46,,,,6,,15,,,133,56,366,52,3,112,1,,116,13,,361,,,,169,35,,10,,,,5,,,16,,,13,41,,52,12,108,,,42,133,,2,,,,35,179,1,,6,47,,,,27,4,191,,17,30,16,,,4,,,126,102,56,1,,15,,68,4,2,,47
"09/2001",40,,,,6,1,16,,,137,49,337,54,1,76,1,,100,14,,353,,,,161,30,,12,,1,,1,,,7,,,12,43,,50,18,87,1,,46,149,,,,,,46,169,1,,,34,,,,21,1,158,,5,26,11,,,4,,3,121,90,39,,,13,,66,2,5,,45
"10/2001",41,,,3,7,,22,,,158,47,335,68,1,114,1,,105,11,,353,,,,209,45,,19,,1,,2,,,11,,,15,55,,50,18,118,1,,43,127,,,,,,46,202,2,,4,38,,,,23,2,164,,11,31,21,,,5,,1,85,57,34,,,9,,31,4,3,,42
"11/2001",35,,,2,4,,22,,,131,50,341,49,4,98,,,105,4,,388,,,1,188,32,,11,,3,,2,,,7,,,13,42,,55,18,83,,,47,138,,,,,,61,181,2,1,5,50,,,,32,2,166,,8,43,16,,,2,,,64,47,28,,,6,,32,1,1,,19
"12/2001",46,,,2,5,,22,,,126,59,373,63,4,106,,,105,13,,388,,,1,209,37,,5,,2,,4,,,15,,,16,55,,66,17,99,,,41,133,,,1,,1,59,157,,,3,48,,,,31,4,187,,4,35,19,,,4,,,34,40,15,,,6,,18,2,2,,21
"01/2002",27,2,,1,5,,16,,,138,51,338,45,1,89,,,90,8,,328,,,,185,30,,7,,,,8,,,16,,,6,41,,56,13,101,,,38,124,,,1,,,51,155,7,,4,43,,,1,24,3,151,,9,33,10,,,2,,,30,23,12,,,4,,15,,,,16
"02/2002",31,,,,2,,22,,,93,55,296,45,2,90,,,82,11,,279,,,,153,29,,7,,,,3,,,3,,,9,36,,38,13,82,,1,46,103,,,,,,44,150,4,,2,35,,,,17,3,153,,5,20,10,,,2,,,46,24,17,,,6,,20,2,,,10
"03/2002",42,1,,1,4,,19,,,103,52,332,48,6,110,2,,90,18,,336,,,2,195,39,,3,,2,,1,,,12,,,12,46,,71,11,82,,1,52,121,,,,,,44,145,2,,3,32,,,2,29,2,158,,7,32,14,,,1,,1,62,40,20,1,,10,,16,1,,,32
"04/2002",28,,,,3,,18,,,116,51,317,54,4,84,,,87,6,,357,,,,170,28,,8,,,,3,,,7,,,13,37,,45,14,74,1,,50,105,,1,,,,53,163,2,,5,35,,,,8,4,140,1,10,27,13,,,4,,1,91,56,38,,,7,,30,1,1,,30
"05/2002",26,1,,2,5,,16,,,145,35,314,59,8,107,,,114,9,,354,,,,181,35,,3,,,,5,,,13,,,11,38,,62,14,105,,,51,115,,,1,,,31,145,5,,8,45,,,,16,4,164,1,13,37,18,1,,5,,,112,97,45,2,,10,,49,3,1,,50
"06/2002",35,,,,7,,16,,,119,52,304,64,2,111,1,,106,10,,324,,,,177,37,,5,,1,,3,,,12,,,12,44,,43,16,112,,,47,112,,1,,,,46,175,4,,2,49,,,,24,1,153,1,21,30,12,,,4,,1,151,112,48,,,9,,64,4,4,,54
"07/2002",26,,,1,3,,23,,,124,55,343,46,6,100,,,96,11,,354,,,1,187,32,,6,,2,,5,,,18,,,9,39,,56,24,105,1,1,55,123,,1,,,,42,166,1,,6,52,,,,17,4,158,1,15,41,13,,,6,,3,135,103,38,,,15,,63,1,3,,64
"08/2002",35,,,,6,,19,,,132,65,316,54,3,106,,,121,7,,324,,,,201,30,,14,,,,1,,,15,,,15,34,,46,14,78,,,61,112,,,1,,,49,157,9,,1,37,,,,17,3,167,,5,43,12,,,2,,,169,117,54,,,9,,69,4,2,,56
"09/2002",32,,,2,2,,24,,,129,49,352,65,3,98,,,95,5,,301,,,,174,34,,10,,1,,5,,,12,,,13,51,,60,13,82,,,47,126,,,,,1,45,190,3,,5,41,,,,27,2,176,,6,38,11,,,4,,5,140,94,49,1,,15,,65,3,4,,51
"10/2002",40,,,2,2,,24,,,156,39,335,57,3,112,,,115,8,,360,,,1,159,33,,6,,,,5,,,13,,,20,51,,61,12,103,,,67,120,,,,,,49,150,1,1,7,42,,,,17,1,162,,12,44,16,,,1,,4,79,54,28,,,5,,39,1,1,,37
"11/2002",38,,,,5,,17,,,136,45,343,49,4,92,,,105,4,,302,,,,177,33,,11,,,,1,,,16,,,9,42,,53,15,87,,,53,128,,1,,,,39,184,2,,8,51,,,,16,4,183,,11,32,17,,,1,,2,53,45,21,,,6,,22,2,1,,25
"12/2002",30,,,1,9,,20,,,128,60,348,57,6,100,1,,102,4,1,326,,,,174,40,,7,,1,,6,,,16,,,23,37,,57,18,84,1,1,50,117,,1,,,,50,185,1,,3,44,,,,29,3,183,,14,28,17,,,1,,,29,19,15,,,7,,11,2,2,,7
"01/2003",31,,,1,2,,18,,,112,46,263,35,5,81,,,83,3,,271,,,,151,30,,8,,1,,7,,,13,,,11,27,,58,12,96,,,29,87,1,,1,,,25,165,5,,5,48,,,1,18,5,149,,8,28,7,,,,,,30,15,11,,,4,,15,,,,10
"02/2003",30,,,,2,,7,,,100,48,253,37,3,84,,,83,2,,268,,,,155,35,,9,,2,,1,,,11,,,9,33,,37,12,66,,,47,76,,,,,,18,102,,,3,42,,,,18,1,139,,7,26,12,,,,,,26,30,8,,,4,,17,,1,,12
"03/2003",28,,,2,3,,19,,,121,44,303,61,1,83,,,96,4,,288,,,1,161,29,,7,,2,,8,,,11,,,15,27,,37,14,90,,,34,110,,,,,,28,139,3,,4,46,,,,12,4,161,,5,30,11,,,3,1,,72,50,16,,,12,,30,2,,,30
"04/2003",37,,,1,7,,16,,,138,42,324,48,3,101,1,,82,5,,327,,,,205,33,,7,,,,2,,,20,,,8,51,,43,14,93,,,35,97,,1,1,,,28,148,3,,5,50,,,,19,3,146,,8,28,14,,,7,,,124,86,35,,,12,,61,1,2,,48
"05/2003",41,,,,6,,23,,,115,52,330,57,3,90,,,97,11,,335,,,,160,34,,6,,,,4,,,16,,,10,53,,51,19,99,,,44,99,,,,,,35,151,1,,5,45,,,,30,3,162,,9,35,18,1,,2,,1,128,76,40,,,9,,62,1,4,,50
"06/2003",46,,,,8,,21,,,116,56,333,50,6,95,,,87,9,,319,,,,179,31,,6,,,,3,,,10,,,23,35,,47,14,104,,1,49,102,1,,,,,34,171,,,2,47,,,,29,3,172,,7,27,10,,,1,,2,139,97,56,,,13,,77,4,3,,68
"07/2003",38,1,,1,3,,21,,,135,56,326,57,3,91,,,97,6,,330,,,,183,31,,6,,,,5,,,12,,,19,45,,45,20,88,1,,68,107,,1,,,1,35,153,1,,4,46,,,,20,2,163,,3,32,20,,,8,,2,175,103,58,1,,14,,66,,,,82
"08/2003",44,,,,7,1,31,,,117,48,327,66,4,106,1,,93,14,,344,,,,225,38,,12,,,,4,,,24,,,11,45,,58,22,108,,,43,88,,2,,,,35,163,5,,4,44,,,,23,4,154,1,9,52,13,,,4,,2,179,106,55,2,,25,,77,3,1,,82
"09/2003",26,,,,9,,22,,,125,33,281,50,6,107,1,,101,9,,314,,,,181,41,,9,,,,2,,,18,,,16,42,,68,20,79,,,44,101,,3,2,,,33,159,6,,1,46,,,,19,3,189,,12,29,15,,,4,,1,166,94,49,,,18,,83,,3,,54
"10/2003",28,,,1,5,,25,,,138,52,334,49,3,110,,,116,6,,372,,,,203,48,,6,,1,,7,,,13,,,13,43,,63,27,102,,1,51,122,,1,,,,35,158,2,,6,52,,,,24,3,182,,16,28,14,,,4,,2,122,68,24,,,14,,60,1,5,,51
"11/2003",41,,,,6,,27,,,128,57,324,64,7,124,,,117,11,,327,,,1,228,47,,9,,,,12,,,20,,,18,47,,64,15,95,,,44,129,,,,,,46,163,3,,7,55,,,,27,2,188,,19,37,13,,,1,,1,69,48,20,,,10,,28,,,,21
"12/2003",40,,,1,6,,22,,,151,46,281,74,6,94,,,84,9,,306,,,,169,34,,10,,1,,6,,,18,,,22,42,,46,17,88,,,48,103,,1,2,,,31,145,1,,7,55,,,1,20,,183,,16,42,8,,,2,,,41,25,17,,,11,,15,2,,,15
"01/2004",39,,,,9,,15,,,105,36,275,54,3,92,,,88,11,,312,,,,178,27,,4,,,,7,,,20,,,10,34,,48,17,90,,,42,86,,2,,,,25,164,,,4,51,,,,20,1,158,,7,20,21,,,1,,,37,23,14,,,3,,37,,,,10
"02/2004",25,1,,,4,,23,,,90,37,246,58,11,99,,,87,4,1,278,,,,161,38,,11,,,,1,,,10,,,18,41,,40,23,72,,,54,86,,1,,,,25,131,3,,,37,,,,20,3,134,,8,29,19,,,1,,2,41,36,16,1,,11,,17,,1,,19
"03/2004",37,,,2,3,,16,,,119,43,308,57,2,99,1,,75,9,,271,,,,165,38,,9,,,,1,,,14,,,17,38,,38,18,69,,,45,99,,1,,,,33,130,1,,5,51,,,,18,1,169,,4,22,5,,,1,,2,74,61,37,,,16,,42,2,,,35
"04/2004",34,,,,5,,20,,,116,51,278,46,1,93,,,98,2,,274,,,,169,29,,10,,,,4,,,19,,,15,35,,54,17,76,,,54,120,,1,1,,,30,155,4,,1,45,,,,22,2,152,1,9,30,13,,,5,,3,93,79,28,,,18,,81,1,4,,54
"05/2004",32,,,,4,,23,,,111,44,307,51,2,107,,,92,4,,314,,,1,179,35,,7,,1,,4,,,22,,,22,34,,60,21,85,,,48,95,,,,,,35,160,4,,4,61,,,,26,2,155,,8,34,9,,,1,,,158,97,48,,,21,,71,5,8,,60
"06/2004",22,,,2,7,,17,,,112,52,298,53,6,115,1,,92,8,,295,,,,186,40,,8,,2,,3,,,19,,,10,42,,39,20,88,,,44,80,,3,,,,23,166,1,,3,43,,,,17,5,166,,5,26,12,,,3,,2,156,106,53,,,22,,68,1,11,,58
"07/2004",34,,,,4,,25,,,128,54,308,55,3,108,1,,101,5,,280,,,,209,36,,7,,,,2,,,15,,,12,25,,43,15,69,,2,39,106,,1,,,,35,159,2,,3,54,,,,17,3,146,1,2,58,15,,,7,,2,177,126,56,,,17,,103,5,5,,78
"08/2004",41,,,,7,,24,,,141,50,278,52,3,98,,,90,7,,313,,,,208,37,,7,,1,,7,,,17,,,18,43,,44,22,90,,,45,89,,,,,,24,159,2,,1,45,,,,18,3,166,,5,36,8,,,6,,1,172,130,62,,,17,,78,3,5,,75
"09/2004",22,,,1,6,,13,,,109,53,301,52,3,97,,,91,4,,265,,,1,174,32,,12,,1,,9,,,18,,,11,28,,49,14,74,,1,51,101,,1,,,,28,139,4,,4,42,,,,14,3,152,,3,36,13,,,8,,1,142,111,46,2,,12,,81,3,7,,51
"10/2004",33,,,,10,,19,,,89,49,317,52,1,111,,,108,6,,281,,,,217,39,,13,,,,6,,,26,,,18,41,,61,24,84,,,45,97,1,2,,,1,34,157,1,,9,72,,,,21,4,177,,6,32,19,,,3,,,120,77,31,,,12,,52,2,4,,48
"11/2004",39,,,,5,,21,,,113,48,301,61,3,114,,,101,2,,297,,,,194,29,,8,,,,7,,,20,,,19,42,,49,15,98,,,57,89,,1,1,,,30,147,1,,4,60,,,,21,3,164,,8,32,20,,,2,,1,64,40,15,1,,9,,32,1,2,,24
"12/2004",35,,,,7,,9,,,106,59,317,55,5,115,,,99,4,,329,,,,205,52,,13,,,,4,,,18,,,16,34,,39,17,84,,,65,97,,,2,,,32,167,2,,3,48,,,,26,3,177,,13,43,11,,,1,,,36,34,12,,,11,,27,,2,,13
"01/2005",24,,,,5,,14,,,100,53,261,49,5,109,,,81,6,,271,,,,173,42,,11,,,,7,,,19,,,20,28,,52,19,68,,,39,88,,2,1,,,20,113,2,,3,63,,,,27,4,148,,4,26,11,,,1,,,47,27,16,1,,11,,21,1,2,,21
"02/2005",31,,,,4,,19,,,108,39,240,46,1,80,,,91,3,,245,,,,165,36,,19,,1,,3,,,20,,,18,24,,42,12,73,,,29,87,,1,1,,,20,113,1,,3,50,,,,7,2,134,,8,28,8,,,1,,1,44,26,14,,,5,,16,,1,,22
"03/2005",30,1,,,10,,18,,,108,36,260,55,4,83,,,97,4,,260,,,,178,36,,4,,1,,1,,,22,,,19,31,,47,13,78,,,38,85,,2,,,,29,124,3,,4,45,,,,19,3,149,,7,37,18,,,3,,1,85,45,29,,,7,,38,1,4,,26
"04/2005",35,,,1,7,,24,,,98,49,278,61,3,104,,,72,1,,263,,,,196,28,,11,,,,6,,,23,,,17,46,,51,14,80,,,45,72,,1,2,,,22,159,6,,4,49,,,,29,2,141,,2,40,12,,,2,,3,145,98,42,,,16,,82,1,5,,52
"05/2005",49,,,,5,1,27,,,116,45,253,59,3,98,,,87,7,,293,,,,186,36,,11,,,,4,,,14,,,14,32,,49,16,70,,,51,87,,,2,,,19,156,5,1,3,58,,,,19,5,160,,,33,10,,,10,,,159,107,42,2,,15,,93,2,7,,50
"06/2005",19,1,,2,3,,18,,,127,50,311,49,5,100,,,94,2,,252,,,,191,29,,8,,,,4,,,14,,,18,38,,49,19,68,,,41,88,,1,1,,,32,129,1,,,58,,,,24,8,186,,6,28,12,,,4,,3,175,111,47,,,14,,84,3,4,,82
"07/2005",40,,,,9,,25,,,118,42,306,71,6,120,,,106,10,,295,,,,191,32,,19,,1,,6,,,24,,,15,43,,47,21,95,,,51,90,,1,2,,,42,139,3,,,43,,,,26,10,181,,6,35,14,,,3,,8,196,115,76,,,26,,112,1,6,,79
"08/2005",32,1,,1,8,,23,,,108,47,296,60,2,91,,,86,7,,310,,,,185,43,,11,,,,5,,,24,,,23,35,,49,20,59,,,64,92,,3,2,,,20,141,3,,6,54,,,,18,5,175,1,4,38,19,,,5,,5,189,126,64,,,17,,84,4,2,,83
"09/2005",37,,,2,3,,25,,,102,48,262,47,1,112,,,102,6,,273,,,,184,31,,5,,,,6,,,17,,,18,34,,48,12,77,1,,38,77,,1,3,,,28,122,2,,7,42,,,,26,2,170,,4,42,17,,,14,,6,205,126,60,1,,24,,110,1,4,,58
"10/2005",50,,,1,10,,22,,,99,45,335,65,1,99,,,93,5,,323,,,,216,39,,10,,,,4,,,24,,,14,47,,42,19,72,1,,54,95,,2,1,,,24,157,2,,1,67,,,,32,2,176,,5,48,12,,,5,,2,149,83,46,,,16,,72,4,5,,76
"11/2005",39,,,,5,,33,,,132,63,293,54,5,108,,,95,7,,299,,,,207,45,,8,,,,10,,,29,,,18,44,,44,22,82,,,50,85,,3,,,,22,131,4,,5,64,,,,36,6,164,,4,32,18,,,4,,4,90,63,27,,,10,,52,4,2,,35
"12/2005",49,,,1,8,,24,,,112,61,261,72,6,107,,,86,3,,278,,,,200,41,,16,,,,3,,,23,,,8,41,,38,13,84,,,60,86,,,1,,,19,120,5,,5,53,,,,25,5,175,,4,35,13,,,2,,,37,25,20,,,6,,32,,2,,22
"01/2006",41,,,1,5,,30,,,94,54,253,66,4,102,,,82,6,,255,,,,166,27,,12,,1,,7,,,15,,,17,30,,41,21,66,,,37,78,,1,4,,,23,129,2,,4,48,,,,22,2,164,,1,30,19,,,1,,1,55,40,23,,,10,,37,2,3,,19
"02/2006",37,,,,5,,15,,,85,34,260,45,4,75,,,86,5,,215,,,,166,41,,13,,,,1,,,22,,,19,34,,34,18,54,,,51,67,,,1,,,20,97,1,,3,45,,,,27,2,155,,3,27,11,,,1,,1,44,32,17,,,8,,25,3,,,30
"03/2006",33,,,,6,,27,,,110,53,253,64,4,100,,,91,5,,256,,,,190,47,,6,,,,4,,,12,,,22,31,,49,18,64,,,44,70,,3,,,,18,123,3,,7,50,,,,21,5,146,,2,44,18,,,2,,2,111,51,26,,,16,,50,3,3,,33
"04/2006",45,,,1,7,,15,,,92,33,250,59,1,107,,,76,5,,242,,,,181,34,,7,,1,,6,,,13,,,19,27,,52,15,68,,,39,63,,1,1,,,16,125,5,,2,47,,,,18,4,166,,6,39,18,,,5,,6,151,100,45,,,17,,89,4,6,,70
"05/2006",41,,,,8,,33,,,122,44,258,60,4,95,,,100,3,,282,,,1,216,27,,9,,,,4,,,22,,,26,32,,44,28,64,,,48,76,,3,,,,11,146,3,,3,55,,,,19,5,178,,3,32,11,,,8,,6,185,105,56,,,28,,99,4,11,,73
"06/2006",29,,,1,8,,15,,,96,51,269,54,6,101,,,91,1,,252,,,,165,36,,17,,,,6,,,23,,,9,37,,57,20,69,,,46,78,,2,,,,27,126,4,,2,45,,,,19,5,162,,4,44,17,,,6,,2,214,119,59,,,24,,92,3,4,,66
"07/2006",30,,,,9,,23,,,95,42,285,63,7,99,,,92,6,,275,,,,183,45,,13,,,,5,,,21,,,20,43,,40,22,65,,,44,74,,,,,,15,130,1,,2,51,,,,22,4,179,,1,38,22,,,9,,2,213,127,59,,,20,,120,5,10,,87
"08/2006",31,,,,7,,16,,,110,47,281,80,2,92,,,106,2,,253,,,,188,26,,6,,1,,5,,,20,,,15,32,,46,25,74,,,34,72,,4,,,,18,139,3,,4,54,,,,35,6,163,,8,44,15,,,2,,2,185,119,73,,,30,,116,2,4,,80
"09/2006",33,,,,6,,19,,,115,48,259,77,7,102,,,77,4,,259,,,,180,50,,17,,,,4,,,22,,,15,43,,51,25,60,,,40,73,,2,,,,20,105,2,,4,46,,,,23,7,155,,2,33,12,,,6,1,3,172,126,57,,,22,,92,2,5,,69
"10/2006",32,,,,6,,36,,,120,62,290,58,3,107,,,105,2,,302,,,,214,33,,9,,,,3,,,21,,,23,29,,40,30,64,1,1,48,80,,2,1,,,25,126,6,,6,44,,,,19,5,195,,4,41,18,,,2,,2,107,65,38,,,21,,67,2,7,,49
"11/2006",37,,,1,11,1,27,,,88,42,253,55,4,114,,,82,3,,283,,,,162,53,,5,,1,,8,,,21,,,18,27,,33,29,80,,,46,68,,2,2,,,23,144,2,,5,49,,,,24,3,179,,5,36,12,,,2,,1,103,58,21,1,,11,,53,4,1,,45
"12/2006",41,,,,8,,30,,,102,45,272,72,2,119,,,97,4,,280,,,,199,43,,11,,,,4,,,20,,,22,34,,44,21,63,,,57,82,,2,2,,,27,106,2,,3,53,,,,26,6,179,,6,41,9,,,1,,,48,36,19,,,10,,41,3,,,18
"01/2007",32,,,2,6,,24,,,103,45,232,63,3,89,1,,66,2,,232,,,,171,33,,11,,,,4,,,20,,,16,22,,47,11,50,,,41,56,,2,,,,12,100,1,,2,53,,,,11,3,167,,3,37,18,,,2,,,31,35,18,,,9,,26,,2,,15
"02/2007",32,,,,6,,21,,,83,30,232,52,3,88,,,60,,,230,,,,159,38,,10,,,,5,,,21,,,16,29,,37,26,56,,,35,63,,,1,,,23,115,5,,3,50,,,,17,4,137,2,,27,14,,,2,,,51,27,12,1,,8,,30,1,2,,17
"03/2007",35,,,,9,,18,,,81,46,274,63,5,103,,,84,2,,248,,,,193,38,,10,,,,4,,,18,,,10,37,,26,18,49,,,46,74,,1,,,,15,133,5,,6,43,,,1,17,4,165,,1,33,12,,,2,,5,122,68,43,,,12,,75,,2,,63
"04/2007",35,,,,8,,28,,,94,24,236,66,1,109,,,98,2,,259,,,,188,41,,17,,,,3,1,,23,,,19,28,,29,14,62,,,38,47,,2,,,,15,147,4,,2,50,,,,18,3,195,,3,30,21,,,3,,1,123,106,45,,,15,,80,6,6,,53
"05/2007",32,,,,7,,21,,,87,38,246,59,2,102,,,84,4,,279,,,,167,47,,14,,,,7,,,15,,,24,32,,41,20,60,,,47,65,,1,,,,12,118,1,,3,54,,,,23,7,150,,3,33,18,,,3,1,4,200,136,65,1,,20,,118,6,8,,84
"06/2007",31,,,,8,,23,,,99,37,259,65,2,117,,,71,1,,252,,,,179,47,,7,,,,9,1,,20,,,17,36,,40,21,71,,1,38,61,,3,2,,,18,126,,,1,42,,,,24,5,169,,1,28,7,,,5,,2,194,118,74,,,25,,115,7,10,,76
"07/2007",39,,,,7,,17,,,101,35,246,74,5,94,,,85,1,,249,,,2,160,37,,14,,,,4,1,,16,,,18,29,,57,24,73,,,41,48,,1,,,,23,132,4,,4,39,,,,25,7,171,,2,32,16,,,9,1,1,216,139,84,,,28,,110,7,7,,84
"08/2007",32,,,,6,,25,,,91,37,212,71,1,100,,,73,2,,267,,,,179,50,,9,,2,,7,,,22,,,24,41,,37,14,61,1,,43,56,,2,,,,24,109,2,,7,48,,,,27,8,169,,2,35,13,,,6,,,184,138,69,2,,30,,134,8,5,,84
"09/2007",19,,,1,10,,20,,,88,49,263,58,1,65,,,69,1,,234,,,,155,39,,17,,,,3,1,,19,,,17,29,,38,21,58,,,34,66,,3,1,,,19,113,3,,4,39,,,,31,5,161,,1,38,15,,,11,,,208,114,71,1,,22,,123,4,4,,77
"10/2007",30,,,,4,,27,,,98,47,282,60,3,97,,,91,2,,233,,,1,188,32,,10,,1,,6,,,24,,,23,35,,36,23,72,,,51,68,,,,,,19,121,2,,2,46,,,,27,6,201,,4,36,14,,,3,,2,172,96,49,1,,18,,86,8,3,,51
"11/2007",30,,,,7,,28,,,99,38,239,56,,103,,,87,1,,255,,,1,175,32,,16,,1,,7,,,17,,,23,36,,49,31,57,,,47,66,,1,1,,,20,141,4,,6,43,,,,25,8,181,,1,36,13,,,3,,1,82,51,34,,,15,,47,2,1,,32
"12/2007",23,,,,8,1,23,,,110,35,262,71,3,113,,,88,3,,260,,,,181,33,,15,,,,6,,,27,,,14,28,,38,23,58,,1,34,68,,,3,,,8,122,1,,2,49,,,,16,12,156,1,1,29,14,,,2,,2,49,38,18,,,13,,38,1,1,,14
"01/2008",23,,,,5,,22,,,96,42,236,64,3,107,,,70,2,,232,,,1,151,38,,13,,,,6,,,27,,,13,42,,33,21,47,,,29,55,,2,,,,12,95,1,,4,61,,,,18,7,159,,5,35,9,,,1,,,48,24,18,,,8,,28,1,2,,18
"02/2008",28,,,,5,,19,,,94,42,237,51,,86,,,69,1,,222,,,2,154,27,,14,,1,,3,,,27,,,17,19,,35,15,52,,,30,41,,4,1,,,10,105,2,,6,40,,,,22,9,172,,1,33,18,,,,,1,57,34,26,,,16,,30,2,3,,24
"03/2008",29,,,1,11,,22,,,80,40,217,51,1,93,,,76,1,,237,,,,135,31,,12,,,,1,1,,21,,,9,33,,40,15,39,,,36,37,,3,,,,14,104,5,,3,51,,,,17,5,139,,3,31,17,,,1,,5,96,44,34,,,15,,47,3,1,,48
"04/2008",29,1,,,2,,26,,,79,38,188,58,2,88,,,71,3,,189,,,1,156,30,,7,,,,5,,,31,,,15,22,,37,16,49,,2,30,39,,3,,,,15,94,,,4,32,,,,17,4,151,,2,23,10,,,4,,3,151,106,42,2,,26,,90,1,4,,72
"05/2008",21,,,,7,,16,,,71,36,224,51,2,77,,,83,,,232,,,,134,34,,12,,,,7,,,20,,,14,41,,29,16,54,,,32,55,1,1,,,,13,105,2,,3,48,,,,24,11,157,,5,30,11,,,8,,5,184,119,62,,,34,,108,3,10,,80
"06/2008",19,,,1,8,,20,,,67,32,221,48,2,80,,,72,1,,212,,,,162,38,,12,,,,6,,,28,,,23,31,,34,23,59,,1,34,46,,3,1,,,14,108,4,,6,39,,,,23,4,159,,1,28,12,,,5,,3,231,154,56,,,31,,116,2,8,,92
"07/2008",29,,,,5,,17,,,73,40,220,55,2,86,,,61,2,,206,,,,144,29,,14,,,,5,,,21,,,16,26,,42,20,60,1,,29,57,1,1,,,,12,109,,,5,40,,,,29,6,129,,2,29,15,,,2,,4,237,142,72,,,43,,112,5,9,,91
"08/2008",32,,,,9,,27,,,89,41,233,52,3,94,,,76,3,,215,,,1,135,47,,13,,,,4,,,20,,,10,29,,39,18,68,,,36,65,,4,,,,4,109,,,6,30,,,,33,4,166,,3,27,13,,,6,,2,226,157,67,,,45,,129,7,5,,101
"09/2008",33,,,,5,,31,,,89,32,184,52,3,82,,,65,3,,186,,,1,129,29,,9,,,,3,1,,21,,,13,28,,37,11,49,,,28,41,,2,1,,,14,107,2,,2,42,,,,24,6,146,,4,40,7,,,7,,1,179,105,55,,,36,,102,6,5,,78
"10/2008",29,,,,8,,23,,,90,42,243,65,3,139,,,68,1,,224,,,,160,41,,15,,,,6,,,25,,,19,28,,44,19,67,,,37,52,,1,1,,,11,108,2,,2,44,,,,17,6,179,,1,41,10,,,3,,3,155,97,53,,,23,,76,5,9,,59
"11/2008",33,,,,8,,28,,,92,38,245,53,,101,,,74,3,,200,,,,162,42,,11,,,,10,1,,19,,,16,28,,34,14,48,,,47,53,,4,,,,8,118,1,,4,52,,,,17,4,174,,2,32,5,,,2,,2,100,45,27,,,18,,42,2,5,,35
"12/2008",20,,,,3,,31,,,72,41,260,45,,99,,,71,3,,213,,,2,166,40,,10,,,,6,,,13,,,22,36,,30,18,53,,,39,50,,5,,,,7,118,2,,8,43,,,,14,9,173,,7,31,20,,,1,,1,43,28,18,,,15,,38,3,1,,17
"01/2009",30,,,,5,,24,,,61,37,212,42,1,76,,,67,2,,201,,,,145,28,,12,,,,3,2,,15,,,11,27,,29,7,47,,,27,49,,5,,,,15,106,1,,3,31,,,1,15,4,156,,2,22,7,,,5,,1,49,20,8,,,9,,27,2,2,,21
"02/2009",23,,,,5,,19,,,75,39,176,50,,91,,,45,,,185,,,,136,28,,7,,,,,1,,15,,,12,26,,30,19,45,,,20,38,,,,,,9,76,1,,,36,,,,14,8,126,,3,27,12,,,3,,2,59,38,18,,,15,,46,2,7,1,18
"03/2009",28,,,,5,,21,,,59,29,203,43,,97,,,51,1,,163,,,1,134,31,,13,,,,6,1,,17,,,15,29,,34,16,29,,,27,25,,4,1,,,10,89,3,,4,24,,1,,15,5,150,,1,23,10,,,3,,3,89,43,29,,,16,,49,,2,1,38
"04/2009",22,,,,7,,29,,,74,32,198,50,1,92,,,75,1,,169,,,,115,33,,9,,,,3,,,20,,,19,29,,28,17,40,,1,41,43,,3,,,,15,101,,,1,38,,,,18,8,178,,1,34,13,,,4,,5,148,79,56,,,22,,77,4,4,2,64
"05/2009",30,,,,6,,27,,,69,50,207,58,1,117,,,55,1,,211,,,,165,34,,11,,1,,8,2,,22,,,14,31,,30,18,43,,,29,38,,1,,,,6,88,3,,2,29,,,,20,9,137,,3,26,14,,,5,,2,207,111,57,,,33,,90,4,10,3,60
"06/2009",31,,,,9,,18,,,70,22,207,48,1,90,,,59,1,,186,,,1,155,35,,16,,1,,4,,,13,,,18,34,,29,20,39,,,27,44,1,1,1,,,9,88,5,,3,30,,1,,22,6,160,,2,27,7,,,2,,1,190,102,56,1,,28,,84,5,6,2,74
"07/2009",23,,,2,5,,19,,,72,24,192,48,1,79,,,63,1,,187,,,,159,30,,4,,,,2,,,16,,,9,28,,32,11,42,,,30,40,,2,,,,12,87,2,,1,33,,1,,19,3,150,,3,27,11,,,4,,3,223,100,68,,,31,,87,4,5,,67
"08/2009",28,,,,7,,22,,,81,34,218,60,,89,,,76,3,,191,,,1,162,32,,14,,,,2,,,22,,,21,34,,29,15,41,,,20,47,,1,1,,,9,100,1,,4,37,,1,,18,9,150,,2,25,10,,,3,1,5,196,98,54,,,45,,89,3,4,2,81
"09/2009",20,,,,3,,23,,,81,31,217,46,3,70,,,57,1,,189,,,1,130,39,,4,,,,3,,,20,,,8,29,,27,17,50,,,24,47,1,1,1,,,12,100,4,,4,37,,,,17,3,150,,9,45,14,,,6,,2,201,91,54,1,,31,,52,5,5,,63
"10/2009",25,,,,8,,17,,,80,25,213,61,,126,,,88,,,206,,,2,157,30,,5,,,,2,,,21,,,25,31,,34,21,43,,,36,25,,1,1,,,12,77,1,,2,29,,,,19,4,139,,6,33,10,,,2,,4,91,60,41,,,17,,41,1,2,,49
"11/2009",25,,,,9,,18,,,85,33,193,63,1,84,,,76,2,,210,,,1,145,27,,17,,1,,4,,,17,,,25,26,,37,23,39,,,34,39,,2,,,,12,86,1,,2,32,,,,19,4,171,,3,22,5,,,2,,2,88,54,29,,1,22,,45,4,1,,35
"12/2009",15,,,,7,,22,,,71,28,193,55,2,84,,,67,1,,177,,,2,124,36,,16,,,,5,,,23,,,23,35,,35,17,61,,1,27,30,,1,,,,9,85,3,,2,35,,,,18,6,167,,3,26,11,,,1,,,27,25,13,,,12,,17,1,1,,6
"01/2010",20,,,,5,,25,,,65,34,155,37,1,90,,,59,3,,173,,,2,124,29,,18,,,,4,,,29,,,18,15,,26,14,33,,,25,39,,2,,,,7,86,,,2,35,,,,9,12,146,,1,19,9,,,,,,60,16,10,,,7,,14,3,1,,14
"02/2010",16,,,,8,,17,,,48,22,157,54,1,72,,,43,1,,146,,,1,136,34,,8,,,,3,,,14,,,11,16,,25,10,41,,,20,32,,5,,,,7,77,,,3,20,,,,13,2,121,,1,21,5,,,4,,2,37,18,9,,,5,,20,,2,1,12
"03/2010",25,,,,5,,17,,,70,25,166,57,,88,,,49,1,,167,,,2,140,32,,14,,,,4,1,,32,,,15,31,,31,13,47,,,33,33,,3,,,,8,83,1,,1,41,,,,14,5,149,,2,20,9,,,,,8,92,49,24,,,10,,49,5,4,1,23
"04/2010",24,,,,5,,32,,,86,25,187,57,1,87,,,61,1,,189,,,1,127,43,,12,,,,5,2,,17,,,27,36,,25,22,38,,,28,38,2,2,2,,,11,94,1,,1,29,,,,14,4,167,,1,24,14,,,6,,4,161,105,39,,,16,,70,1,3,,63
"05/2010",24,,,1,7,,23,,,71,28,202,59,,101,,,57,,,172,,,2,151,44,,10,,,,2,1,,25,,,16,29,,30,8,38,,,36,47,,,,,,9,82,,,2,35,,,,11,10,164,,1,24,18,,,3,,3,208,95,55,,,27,,85,4,6,3,62
"06/2010",24,,,,2,,14,,,54,36,206,42,2,78,,,57,2,,176,,,1,135,26,,10,,,,1,,,22,,,14,22,,39,10,30,,1,25,20,,4,,,,10,77,,,6,29,,1,,27,3,149,,4,25,6,,,4,,3,214,107,64,1,2,29,,82,5,7,1,68
"07/2010",15,,,,5,,28,,,89,27,207,55,,82,,,57,,,168,,,,139,35,,12,,1,,4,,,18,,,24,17,,31,16,50,,,36,31,,2,1,,,10,104,1,,3,49,,1,,16,9,146,,2,22,12,,,12,,5,227,114,55,,,35,,92,3,7,4,65
"08/2010",28,1,,,6,,23,,,70,28,201,59,1,82,,,66,1,,177,,,3,131,35,,7,,,,3,,,21,,,14,28,,34,13,50,,,23,39,,4,,,,12,96,1,,2,27,,,,22,5,167,,3,36,3,,,8,,3,239,95,59,,,33,,90,7,9,1,85
"09/2010",21,,,1,10,,21,,,71,27,196,54,1,84,,,61,2,,176,,,,124,45,,12,,,,4,,,20,,,22,21,,32,26,48,,,31,41,1,3,,,,10,89,2,,6,40,,,,17,6,158,,3,34,9,,,7,,3,182,87,66,1,,33,,72,6,6,4,59
"10/2010",19,,,,4,,26,,,68,41,208,60,3,97,,,66,,,189,,,2,177,34,,12,,,,3,,,24,,,19,26,,41,19,43,1,,32,38,,1,,,,9,106,2,,7,40,,,,25,4,165,,1,33,10,,,5,,3,161,69,47,,,25,,63,5,10,1,53
"11/2010",26,,,1,4,,20,,,77,24,197,61,2,102,,,59,1,,183,,,1,147,37,,11,,1,,6,,,21,,,15,33,,33,14,55,,,29,45,,2,1,,,7,94,,,4,39,,1,,10,4,161,,3,36,11,,,3,,2,76,34,14,,,16,,28,1,7,3,30
"12/2010",29,,,,9,,14,,,77,28,168,36,,100,,,58,2,,186,,,1,151,44,,11,,,,3,,,23,,,12,29,,32,17,53,,,32,31,,,,,,5,80,1,,4,37,,,,29,10,157,,1,36,5,,,2,,,35,24,10,,,8,,19,1,2,,14
"01/2011",27,,,,6,,24,,,52,25,164,41,1,87,,,43,1,,161,,,2,159,43,,9,,,,4,2,,23,,,11,12,,17,19,37,,,22,34,,4,1,,,2,75,,,2,23,,,,29,7,134,,3,23,16,,,2,,,55,31,12,1,,4,,26,1,3,2,16
"02/2011",14,,,1,2,,17,,,63,24,145,34,1,49,,,47,,,126,,,3,116,30,,12,,,,2,,,23,,,13,19,,30,16,40,,,15,31,,3,,,,6,75,,,2,26,,1,,15,6,126,,1,25,8,,,4,,,68,34,14,1,,10,,23,3,5,1,19
"03/2011",24,,,,5,,24,,,75,26,176,58,1,83,,,53,,,162,,,,117,34,,10,,,,3,,,15,,,10,19,,25,14,27,,,31,34,,2,,,,9,68,1,,2,24,,,,20,7,142,,6,28,6,,,3,,3,98,45,29,,,12,,42,4,3,1,27
"04/2011",32,,,,2,,20,,,80,24,195,57,1,93,,,53,,,166,,,1,133,42,,14,,,,2,1,,23,,,17,21,,30,17,37,1,,23,22,,1,,,,9,80,1,,3,26,,,,16,6,143,,,33,8,,,5,,2,136,72,44,,,21,,60,4,5,,59
"05/2011",19,,,,9,,28,,,53,32,203,49,,105,,,48,1,,165,,,3,132,38,,16,,,,2,1,,27,,,19,18,,31,8,26,,,27,37,,,,,,5,76,3,,3,28,,,,13,4,148,,6,28,4,,,3,,4,173,92,56,,,25,,92,7,10,1,70
"06/2011",24,,,,7,1,14,,,68,31,193,46,,97,,,55,,,163,,,2,137,37,,15,,,,10,1,,19,,,13,26,,36,21,45,,,32,28,,5,,,,7,69,3,,1,27,,,,24,7,134,,1,41,6,,,3,1,5,195,114,47,,,28,,114,4,4,4,84
"07/2011",27,,,,9,,20,,,52,37,214,41,1,95,,,57,1,1,184,,,,165,44,,15,,,,5,1,,23,,,28,26,,41,17,50,,,32,37,,3,,,,5,79,2,,2,38,,,,24,5,166,,4,27,13,,,3,,6,220,138,66,1,,31,,87,10,8,4,78
"08/2011",27,,,,6,,17,,,61,28,220,51,,84,,,58,,,161,,,4,132,37,,22,,,,1,1,,30,,,14,23,,34,16,33,,,27,32,,2,,,,7,71,3,,4,35,,,,17,6,160,,,30,15,,,7,,6,215,128,59,,,36,,91,11,6,2,79
"09/2011",13,,,,5,,21,,,67,21,193,45,,85,,,57,,,195,,,1,144,40,,8,,,,5,1,,29,,,20,35,,33,11,43,,1,32,28,,5,,,,3,86,1,1,5,21,,2,,16,5,145,,5,21,9,,,8,,2,176,75,65,,,20,,71,7,10,2,71
"10/2011",32,,,,5,,22,,,72,31,207,54,1,118,,,71,3,,174,,,5,148,50,,22,,,,6,,,24,,,28,28,,40,23,57,,1,39,37,,,,,,11,89,3,,1,44,,,,22,4,167,,2,44,9,,,4,,4,157,82,39,1,,31,,57,7,6,2,54
"11/2011",25,,,,11,,30,,,76,27,194,55,1,101,,,72,3,1,163,,,2,136,56,,16,,,,8,1,,23,,,16,30,,24,21,40,,1,26,39,,4,,,,7,77,,,2,29,,,,26,8,196,,3,28,10,,,2,,1,77,45,28,,,18,,27,1,5,1,30
"12/2011",28,,,1,8,,18,,,68,29,200,49,,121,,,53,1,,170,,,1,152,39,,16,,,,3,1,,34,,,12,31,,33,12,24,,,31,34,,4,,,,7,76,,,3,51,,,,28,4,169,,,39,14,,,1,,4,40,25,17,,,9,,27,,3,1,17
"01/2012",21,,,,3,,22,,,64,34,183,43,,100,,,52,1,,160,,,,131,36,,8,,,,2,2,,28,,,21,31,,28,14,36,,1,28,38,,1,1,,,6,84,3,,4,36,,1,,20,8,166,,2,25,10,,,4,,3,62,22,12,,,16,,19,,6,1,29
"02/2012",22,,,,7,,20,,,54,22,160,49,2,81,,,60,1,,188,,,2,140,35,,20,,,,2,1,,19,,,11,20,,29,19,33,,,20,32,,2,,,,6,88,,,2,36,1,,,15,6,139,,1,32,13,,,1,,1,44,34,29,,,13,,14,,1,,24
"03/2012",15,,,,16,,21,,,63,28,176,51,1,110,,,62,1,,177,,,2,143,37,,13,,,,2,2,,22,,,20,18,,36,14,38,,,32,20,,1,,,,3,77,1,,1,31,,,,20,9,149,,5,32,12,,,2,,3,161,81,39,,,26,,68,1,2,1,55
"04/2012",19,,,,3,,22,,,67,27,192,45,1,86,,,58,,,163,,,6,157,36,,15,,,,2,1,,28,,,14,29,,30,20,37,,,28,24,,5,,,,6,76,,,4,36,,,,18,6,120,,1,39,14,,,3,,4,157,82,40,,,37,,54,4,10,2,58
"05/2012",20,,,,6,,23,,,60,41,193,50,3,96,,,53,3,1,185,,,4,141,54,,11,,,,2,1,,22,,,12,25,,31,19,38,,1,19,24,,7,,,,4,75,,,1,30,,,,20,3,149,,1,36,15,,,10,,3,200,111,59,2,,27,,81,8,9,3,66
"06/2012",28,,,2,12,,32,,,69,26,179,48,1,119,,,60,,,158,,,1,137,36,,12,,,,2,5,,35,,,19,21,,32,23,38,,,33,21,1,2,1,,,9,77,2,,3,35,,,,20,2,159,,,32,8,,,10,,1,247,107,71,2,,34,,88,12,5,5,82
"07/2012",24,,,,11,,17,,,64,31,199,55,1,89,,,61,,,191,,,4,149,44,,15,,,,4,,,17,,,23,22,,34,24,41,,1,26,21,,3,,,,8,82,1,,6,38,2,1,,18,5,160,,,36,20,,,5,1,2,204,104,66,1,1,40,,83,6,5,6,79
"08/2012",23,,,,8,,23,,,69,31,209,48,1,97,,,68,1,,172,,,1,161,44,,14,,,,6,1,,32,,,19,24,,32,16,43,,,25,27,1,2,1,,1,6,93,2,,3,40,2,1,,22,7,168,,2,27,5,,,4,,7,220,100,72,,,40,,84,3,7,3,83
"09/2012",14,,,,5,,21,,,74,24,206,39,1,95,,,53,1,1,190,,,6,126,54,,13,,,,2,1,,42,,,19,20,,33,23,47,,,31,28,,6,4,,,8,100,2,,2,34,1,,,18,9,161,,1,34,14,,,12,,4,199,86,65,,,29,,86,9,9,2,74
"10/2012",33,,,1,11,,20,,,51,35,223,45,1,110,,,79,,,183,,,2,151,37,,20,,,,7,1,,23,,,21,16,,44,22,36,,1,24,32,,7,,,1,7,80,1,,1,34,1,1,,24,5,174,1,4,26,12,,,6,,3,150,57,29,,,28,,59,3,8,2,50
"11/2012",30,,,,12,1,18,,,71,28,218,49,1,123,,,61,2,2,154,,,2,151,51,,15,,1,,,2,,37,,,24,22,,31,16,50,,,39,28,,4,,,,6,75,2,,7,37,1,,,21,9,170,,2,36,15,,,2,,1,84,40,30,,,19,,46,5,8,,41
"12/2012",21,,,1,9,,28,,,64,26,225,46,,110,1,,60,1,,171,,,6,168,40,,16,,,,6,1,,39,,,18,26,,26,20,32,,,32,23,,3,,,,5,86,4,,2,40,1,2,,28,7,187,,3,35,14,,,1,,,48,27,25,1,,17,,19,1,5,,24
"01/2013",26,,,,4,,20,,,73,24,173,48,,96,,,64,,,149,,,,139,48,,10,,,,4,2,,26,,,26,26,,24,15,33,,,27,25,,4,,,,7,68,,,3,36,,,,10,6,158,,,35,15,,,3,,,51,35,16,,,16,,18,,1,1,22
"02/2013",13,,,,6,,20,,,47,17,135,34,2,71,,,54,,,120,,,,124,42,,13,,,,2,1,,20,,,13,17,,31,15,29,,,23,24,,3,,,,2,66,2,,3,37,,1,,15,8,130,,2,24,11,,,1,,1,38,24,12,,,11,,28,,2,,18
"03/2013",16,1,,,7,,32,,,61,35,186,45,1,104,,,52,,1,167,,,1,140,41,,21,,,,3,2,,23,,,22,21,,40,18,29,,,26,20,,1,,,,7,82,3,,2,27,2,1,,18,7,183,,2,31,7,,,4,,,84,44,34,2,,19,,53,,6,5,50
"04/2013",21,,,,15,,17,,,69,21,172,51,4,91,,,59,,,163,,,1,134,39,,15,,,,4,2,,27,,,17,25,,30,20,42,,,22,24,,6,1,,,2,55,2,,1,20,1,2,,16,4,163,,,32,9,,,6,,,138,72,31,,,22,,56,2,4,1,65
"05/2013",21,,,,8,,28,,,60,26,192,44,,94,,,48,1,2,164,,,1,141,50,,13,,,,2,1,,21,,,16,20,,39,24,33,,,16,23,,4,,,,2,75,1,,3,26,2,,,13,8,170,,3,40,10,,,3,,2,172,104,47,,,30,,67,5,4,4,66
"06/2013",22,,,,12,,21,,,65,28,187,41,2,90,,,63,1,,183,,,5,157,41,,21,,,,4,,,29,,,22,16,,26,15,25,,,28,21,,2,,,,8,60,4,,6,32,,1,,22,7,170,,2,30,12,,,7,,4,195,85,59,1,,40,,86,7,3,4,82
"07/2013",18,,,,16,1,34,,,57,23,191,52,,116,,,57,,,152,,,2,123,44,,14,,,,,3,,37,,,19,21,,32,11,37,,,24,13,,3,,,,2,80,1,,2,39,3,2,,26,3,137,1,4,43,10,,,6,,4,213,108,54,1,,41,,65,6,5,5,75
"08/2013",28,,,1,17,,29,,,63,29,210,51,,101,,,64,2,1,160,,,2,162,57,,18,,,,3,2,,30,,,20,29,,35,15,40,,,26,23,1,4,,,,4,62,2,,3,35,2,4,,18,6,187,,4,42,15,,,4,1,9,220,139,67,1,,37,,95,4,11,7,100
"09/2013",19,1,,,12,,27,,,64,33,196,49,,119,,,62,2,2,175,,,5,153,50,,19,,,,2,1,,25,,,26,22,,31,25,38,,,22,16,,5,1,,,3,91,3,,2,32,,,,21,8,185,,2,31,7,,,10,,2,218,109,64,1,,32,,75,5,13,,83
"10/2013",31,,,,7,,22,,,82,32,225,54,,124,,,41,1,1,165,,,2,158,66,,11,,,,6,2,,26,,,16,24,,34,36,39,,,17,26,1,2,1,,,3,62,1,,,38,2,,,24,3,180,,3,43,11,,,6,,6,160,67,37,,,39,,53,8,10,3,44
"11/2013",29,,,1,6,,24,,,61,25,212,45,1,120,,,77,,2,179,,,3,165,68,,18,,,,5,,,31,,,19,20,,41,33,35,,,25,13,,3,1,,,8,83,2,,4,28,1,,,30,8,179,,4,30,12,,,3,,2,96,41,33,,,18,,37,4,3,,28
"12/2013",22,,,,9,,28,,,83,31,232,45,1,121,,,49,1,,169,,,6,123,55,,16,,,,2,4,,35,,,20,25,,36,24,39,,,27,20,,6,,,,9,63,2,,2,34,1,2,,26,3,203,,3,38,9,,,2,,2,32,26,16,,,14,,23,2,2,,18
"01/2014",18,,,,9,,21,,,63,26,160,54,,113,,,58,,,143,,,1,112,45,,17,,,,1,1,,35,,,19,18,,25,16,28,,,20,14,,3,2,,,4,58,2,,4,25,3,,,21,4,170,,2,34,13,,,2,,1,58,26,13,,,15,,25,3,1,2,18
"02/2014",18,,,,8,,16,,,47,17,160,49,,80,,,62,1,,129,,,6,124,30,,14,,,,3,1,,20,,,17,16,,18,11,26,,,19,14,,4,,,,7,41,,,3,21,2,,,19,5,145,,2,26,11,,,,,,39,25,20,,,19,,19,2,1,1,19
"03/2014",19,,,,11,1,23,,,50,22,165,59,,93,,,59,1,1,142,,,4,144,48,,13,,,,7,1,,23,,,18,30,,26,17,29,,,17,22,,5,,,,6,57,2,,2,21,2,,,20,4,169,,4,30,12,,,3,,3,90,46,34,,,25,,48,4,3,,23
"04/2014",16,,,1,6,,21,,,60,26,175,41,1,96,,,58,,,158,,,3,141,51,,13,,,,2,,,39,,,22,23,,38,13,29,,,28,20,,6,2,,,8,50,,,5,23,1,3,,16,8,141,,2,41,8,,,5,,4,131,71,40,,,24,,59,6,3,1,45
"05/2014",25,,,,13,,24,,,63,35,177,60,,125,,,65,1,,175,,,3,132,44,,9,,,,6,,,21,,,20,28,,29,26,47,,,25,22,,7,,,,1,60,2,,2,20,3,1,,13,3,166,,6,33,15,,,5,,6,219,83,56,,,42,,78,5,3,6,61
"06/2014",19,,,,6,,28,,,56,30,187,48,,97,,,56,,,151,,,2,136,47,,13,,,,4,,,23,,,16,20,,30,20,25,,,26,22,,2,3,,,5,49,3,,2,33,2,,,23,6,177,,1,23,4,,,7,,1,233,101,65,,,38,,89,7,6,3,71
"07/2014",26,,,,16,,24,,,60,26,197,62,,105,,,46,,,158,,,5,144,43,,12,,,,4,,,38,,,19,25,,35,20,25,,,28,15,3,4,1,,,5,67,1,,3,30,,,,14,6,168,,2,33,6,,,4,,4,219,93,49,,,28,,83,8,6,8,88
"08/2014",25,,,,11,,35,,,52,25,190,52,1,102,,,59,,1,203,,,7,171,52,,22,,,,7,2,,30,,,21,22,,33,19,34,,,25,23,,4,2,,,4,64,4,,4,35,1,1,,25,7,160,,7,31,14,,,10,,5,218,93,55,,,27,,81,6,9,2,79
"09/2014",24,,,,9,,21,,,64,23,187,51,1,98,,,57,,2,155,,,2,141,56,,11,,,,6,6,,26,,,19,25,,31,24,36,,,24,11,,6,,,,1,64,3,,4,29,2,,,16,5,195,,1,30,14,,,10,1,2,196,91,44,,,45,,56,6,5,4,62
"10/2014",31,,,,9,,31,,,70,33,214,53,1,125,,,58,,,189,,,1,180,68,,16,,,,6,2,,30,,,21,25,,38,18,44,,,30,21,1,2,2,,,3,59,3,,1,33,4,3,,30,3,202,,4,44,12,,,5,,2,133,61,57,,,32,,60,6,8,3,55
"11/2014",28,,,,9,,30,,,60,27,203,63,1,140,,,74,,,182,,,5,189,55,,21,,,,,5,,33,,,27,20,,41,17,33,,,22,15,,1,,,,2,71,3,,5,40,6,1,,19,7,184,,1,53,22,,,3,,1,85,39,29,,,21,,27,2,5,,31
"12/2014",32,,,,12,,32,,,65,37,196,49,,102,,,70,,1,206,,,4,173,62,,21,,,,4,1,,45,,,25,23,,34,23,35,,,30,14,,2,,,,3,70,1,,5,33,1,,,17,10,197,,2,40,11,,,3,,1,50,31,26,,,14,,25,,5,1,25
"01/2015",17,,,,7,,36,,,48,32,192,44,,131,,,58,,1,168,,,1,163,55,,18,,,,1,5,,48,,,28,24,,33,21,33,,,18,17,1,2,,,,3,60,2,,1,29,1,1,,23,6,170,,4,41,14,,,1,,1,57,33,14,,,15,,23,2,2,2,17
"02/2015",20,,,1,4,,21,,,44,23,154,43,1,87,,,56,,,147,,,1,127,55,,17,,,,1,1,,29,,,21,14,,35,14,20,,,15,22,,4,,,,3,42,5,,1,26,3,,,20,4,159,,,26,14,,,2,,2,45,26,10,,,13,,25,4,2,3,20
"03/2015",22,,,,6,,23,,,56,26,213,44,1,112,,,70,,,147,,,4,146,62,,13,,,,3,,,34,,,17,35,,35,34,31,,,17,18,,5,3,,,2,55,2,,3,29,3,,,28,9,167,,2,44,16,,,9,,2,97,55,27,,,26,,57,2,6,2,37
"04/2015",15,,,,9,,30,,,49,25,190,48,1,125,,,70,,,143,,,2,149,63,,20,,,,3,3,,43,,,27,16,,27,24,36,,,21,15,,,1,,,4,60,1,,2,17,4,,,25,3,166,,3,43,6,,,8,,3,138,61,51,,,37,,55,2,5,3,67
"05/2015",19,,,,15,,25,,,74,33,220,52,1,139,,,62,,,191,,,,168,64,,22,,,,7,,,39,,,27,17,,48,24,28,,,33,14,,3,,,,5,70,2,,4,24,6,,,24,4,178,,2,33,12,,,6,,6,218,85,59,,,28,,73,4,5,3,88
"06/2015",24,,,,7,,27,,,61,32,223,51,,142,,,61,,1,170,,,6,164,43,,17,,,,7,3,,42,,,25,24,,28,19,29,,,32,14,1,3,1,,,1,52,2,,2,27,1,,,34,7,204,,2,43,7,,,13,,2,219,99,58,,,30,,85,4,9,4,62
"07/2015",19,,,,4,,28,,,69,30,232,53,,149,,,64,2,1,158,,,2,161,71,,16,,,,3,5,,49,,,33,36,,30,22,25,,,31,14,,2,3,,,2,69,2,,5,18,1,1,,25,8,211,,6,48,6,,,7,,8,227,117,61,2,,44,,93,7,6,5,89
"08/2015",28,,,,9,,24,,,54,34,222,59,,142,,,78,,1,195,,,5,170,66,,25,,,,4,3,,42,,,28,17,,34,18,26,,,27,19,,7,,,,3,73,4,,2,27,4,1,,29,4,182,,2,49,11,,,11,,6,231,113,55,,,36,,91,12,10,2,80
"09/2015",26,,,1,5,1,32,,,66,25,213,63,,149,,,65,,1,183,,,2,165,72,,21,,,,2,3,,44,,,25,24,,35,17,25,,,26,21,,3,,,,6,52,6,,3,30,5,1,,32,5,194,1,8,34,23,,,8,,4,202,93,63,1,,41,,70,7,3,6,62
"10/2015",24,,,,11,,35,,,68,30,245,48,1,154,,,81,,1,195,,,4,176,66,,13,,,,6,7,,44,,,20,24,,38,21,35,,,35,18,,8,3,,,2,81,3,,1,29,1,3,,21,3,231,,5,45,13,,,7,,11,169,74,48,,,34,,71,4,10,1,64
"11/2015",19,,,,12,,37,,,64,33,206,50,,167,,,81,,1,199,,,4,162,65,,19,,,,3,5,,41,,,24,25,,23,27,34,,,23,17,1,3,,,,1,69,2,,3,39,2,1,,19,6,218,,6,52,12,,,3,,4,71,52,21,1,,26,,35,5,3,3,45
"12/2015",21,,,1,10,,43,,,56,30,244,65,,167,,,69,,1,218,,,3,186,68,,25,,,,2,1,,42,,,22,24,,31,31,32,,,28,11,,9,,,,4,67,4,,1,29,5,,,28,2,210,,7,44,5,,,3,,2,72,47,35,1,,16,1,47,4,5,1,32
"01/2016",28,,,,16,,27,,,71,27,167,43,,110,,,66,1,,176,,,6,149,69,,15,,,,8,1,,36,,,27,18,,31,24,27,,,21,20,,4,,,,2,50,4,,1,30,,,,30,1,162,,5,36,12,,,4,,1,55,24,12,1,,20,,21,3,1,,18
"02/2016",24,,,1,7,,34,,,65,32,202,40,,132,,,60,,1,174,,,3,180,55,,14,,,,6,2,,47,,,23,21,,30,27,21,,,20,21,,1,,,,2,57,1,,3,24,4,2,,23,4,177,,1,37,9,,,1,,3,92,43,22,,,19,,30,2,1,,30
"03/2016",31,,,,5,,22,,,64,34,218,49,1,133,,,66,,1,191,,,4,186,66,,27,,,,5,4,,49,,,19,24,,28,21,28,,,27,16,,3,,,,1,72,4,,1,24,9,,,18,4,211,,2,32,9,,,4,,1,117,60,33,,,21,,45,3,7,3,52
"04/2016",34,,,,19,,29,,,53,32,186,51,,137,,,58,1,3,170,,,4,157,68,,23,,,,5,6,,47,,,36,19,,34,28,30,,,20,11,2,5,,,,2,79,2,,5,28,1,1,,13,8,195,1,4,30,12,,,8,,5,178,77,42,,,32,,62,6,6,4,52
"05/2016",32,,,,10,,35,,,66,25,232,52,,135,,,70,,,163,,,1,178,65,,16,,,,5,5,,55,,,29,29,,36,26,27,,,28,19,1,3,,,,4,64,3,,4,25,4,2,,25,8,199,,5,51,13,,,7,,7,241,102,56,,,71,,69,6,3,7,65
"06/2016",17,,,1,14,,32,,,56,27,230,58,2,161,,,76,1,4,182,,,5,202,71,,24,,,,7,1,,47,,,28,30,,38,26,35,,,29,14,2,4,,,,6,52,2,,1,26,7,,,22,4,207,,3,43,12,,,8,,4,245,102,59,,,38,,70,2,3,5,81
"07/2016",22,,,,8,,33,,,60,39,226,55,,155,,,66,,,173,,,5,181,77,,22,,,,7,3,,43,,,20,21,,32,24,26,,,26,8,2,2,,,,6,52,2,,,15,1,,,20,8,207,,4,47,13,,,11,,8,259,81,75,,,40,,80,11,8,4,76
"08/2016",23,,,,6,,34,,,82,23,236,48,1,155,,,88,,2,185,,,7,186,71,,19,,,,6,,,44,,,36,20,,39,23,22,,,23,18,1,4,,,,2,57,,,4,30,3,,,24,5,218,,5,47,15,,,9,,4,227,104,69,,,40,,76,4,11,7,84
"09/2016",29,,,,16,,26,,,72,28,212,59,,144,,,67,,2,178,,,2,159,69,,27,,,,2,3,,58,,,29,11,,37,28,28,,,31,19,1,9,,,,,68,3,,1,25,6,1,,28,3,210,,7,58,17,,,14,,4,239,103,71,,,36,,82,10,3,5,63
"10/2016",31,,,,12,,36,,,60,34,241,69,,174,,,72,1,,208,,,8,189,92,,40,,,,6,4,,48,,,30,39,,39,32,36,,,27,19,1,3,,,,,55,1,,3,32,8,,,24,3,241,,,46,14,,,8,,4,216,77,39,,,32,,73,6,5,3,74
"11/2016",25,,,,14,,33,,,60,38,211,55,,167,,,77,1,1,198,,,5,226,75,,23,,,,4,8,,50,,,21,19,,47,25,33,,,30,19,2,7,1,,,4,64,1,,4,38,8,,,46,6,218,,5,47,11,,,3,,1,131,54,41,,,27,,44,4,,1,38
"12/2016",26,,,1,11,,42,,,64,37,215,57,1,152,,,62,,1,182,,,4,190,79,,15,,1,,3,4,,62,,,24,31,,33,28,35,,,30,18,1,3,,,,1,63,,,1,34,3,1,,19,7,239,,7,52,14,,,3,,,46,34,32,,,27,,18,3,3,1,26
"01/2017",28,,,,14,,27,,,58,32,200,75,,143,,,67,,2,174,,,3,176,82,,24,,,,2,2,,53,,,27,22,,33,42,25,,,19,11,,6,1,,,2,52,,,3,23,4,1,,14,4,220,,5,51,7,,,,,1,69,25,22,,,17,,25,2,2,1,31
"02/2017",29,,,,7,,21,,,45,25,191,47,,124,,,55,,,150,,,,166,67,,13,,,,2,1,,52,,,19,24,,21,27,20,,,23,13,,4,1,,,1,43,,,3,18,1,2,,32,4,172,,5,31,8,,,7,,3,108,30,29,,,21,,41,2,1,,29
"03/2017",32,,,,9,,27,,,61,28,224,74,,149,,,71,,1,181,,,6,168,85,1,19,,,,3,6,,48,,,23,37,,39,24,32,,,26,9,1,9,,,,2,50,4,,1,25,4,,,37,8,198,,5,53,11,,,4,,2,130,43,28,,,24,,37,1,3,2,54
"04/2017",23,,,,9,,32,,,53,29,195,38,,149,,,68,,3,213,,,5,158,73,,18,,,,3,3,,58,,,19,19,,42,32,27,,,29,14,,7,,,,3,48,2,,3,24,7,,,25,3,219,,7,49,9,,,7,,6,207,78,47,,,31,,68,7,2,3,61
"05/2017",28,,,,13,,32,,,52,33,206,41,,153,,,78,,2,164,,,6,195,83,,11,,,,5,4,,57,,,34,23,,44,29,26,,,32,13,1,3,1,,,1,45,,,1,36,7,,,24,3,225,,1,42,10,,,7,,2,192,88,63,,,32,,70,7,4,5,67
"06/2017",20,,,,10,,30,,,47,24,234,63,,167,,,70,1,3,188,,,9,186,92,,19,,,,4,9,,42,,,22,19,,28,27,26,,,31,13,2,3,1,,,1,67,1,,4,19,5,1,,34,5,218,,2,47,10,,,13,,4,237,109,64,1,,55,,66,7,8,4,75
"07/2017",20,,,,12,,39,,,58,41,231,52,1,146,,,87,,,197,,,3,198,94,,23,,,,4,5,,44,,,23,25,,26,27,35,,,27,14,1,9,,,,,56,5,,1,23,7,2,,21,3,200,,6,42,11,,,11,,4,284,103,85,,,35,,82,6,8,7,99
"08/2017",23,,,,10,,34,,,57,29,219,53,,180,,,77,,,194,,,4,152,95,,24,,,,3,5,,50,,,21,13,,38,21,29,,,20,4,1,9,1,,,5,50,2,,3,17,2,,,31,5,220,,5,31,7,,,12,,6,218,104,49,,,40,,62,8,3,5,79
"09/2017",29,,,,10,,36,,,59,28,213,62,,175,,,85,1,3,192,,,5,193,73,,22,,,,2,4,,64,,,23,27,,34,27,28,,1,20,12,1,5,,,,1,56,4,,1,15,4,1,,22,7,267,,9,43,11,,,12,,8,242,120,61,1,,43,,65,6,6,1,87
"10/2017",19,,,,14,,20,,,55,29,214,55,,196,,,78,,2,190,,,3,180,80,,25,,,,1,12,,56,,,29,22,,29,23,26,,,25,9,,9,1,,,2,54,3,,3,21,3,,,21,4,232,,5,45,14,,,8,,4,174,63,48,,,21,,55,7,3,4,51
"11/2017",24,,,,11,,37,,,57,30,227,43,,178,,,69,,2,219,,,3,183,91,,25,,,,11,6,,59,,,31,19,,55,30,20,,,16,10,,7,,,,4,48,1,,2,15,4,,,31,5,239,,4,56,11,,,5,,3,93,34,31,,,40,,27,3,4,1,42
"12/2017",40,,,,3,,33,,,67,26,232,49,,203,,,91,1,,198,,,3,177,77,,20,,,,6,8,,54,,,23,19,,45,29,37,,,27,12,1,8,,,,2,54,2,,1,24,3,,,36,3,211,,4,35,9,,,4,,2,54,37,31,,,26,,22,2,3,,30
"01/2018",27,,,,15,,36,,,42,28,228,48,,147,,,66,,1,190,,,5,188,92,,30,,,,2,6,,40,,,27,22,,40,30,26,,,26,6,,3,,,,1,53,1,,2,14,5,,,25,7,214,,5,41,10,,,2,,1,60,35,22,,,22,,22,4,1,2,31
"02/2018",18,1,,,6,,29,,,50,33,164,49,,134,,,52,,1,133,,,2,164,74,,18,,,,1,3,,49,,,14,9,,33,28,21,,,11,15,,8,,,,1,35,,,1,26,3,1,,21,5,186,,4,32,11,,,3,,2,78,31,34,,,22,,20,2,1,1,23
"03/2018",32,1,,,12,,27,,,48,27,217,54,,159,,,59,,,185,,,3,162,103,,25,,,,7,2,,50,,,21,13,,33,25,21,,,24,8,2,5,,,,,43,1,,1,18,3,1,,28,3,200,,6,35,11,,,6,,3,102,50,33,,,18,,40,2,5,3,25
"04/2018",23,1,,,4,,31,,,55,32,189,52,,156,,,73,1,4,186,,,3,182,82,,28,,,,4,8,,48,,,19,16,,26,18,24,,,15,11,2,5,,,,1,41,2,,3,13,5,1,,15,1,215,1,3,34,11,,,3,,6,142,50,40,,,26,,60,1,4,2,53
"05/2018",20,,,,5,,28,,,53,28,216,58,,194,,,89,1,5,170,,,6,182,85,,22,,,,5,5,,53,,,21,23,,42,28,21,,,16,11,2,8,,,,1,41,2,,1,16,3,1,,27,4,217,,3,32,1,,,11,,4,209,79,59,,,38,,76,9,9,7,82
"06/2018",16,,,,8,,28,,,30,20,197,54,,167,,,67,,3,179,,,3,158,96,,17,,,,8,8,,63,,,22,26,,33,32,19,,,23,17,,6,1,,,3,50,3,,2,16,,,,28,1,213,,5,41,6,,,10,,6,265,96,69,1,,41,,85,7,5,8,94
"07/2018",26,,,,12,,24,,,53,27,211,38,,148,,,95,,,190,,,6,164,65,,20,,,,1,5,,48,,,26,21,,36,28,18,,,19,9,1,7,,,,2,54,1,,,18,5,1,,36,2,218,,7,39,7,,,12,,4,249,80,68,,,42,,80,4,7,5,86
"08/2018",34,,,,7,,23,,,68,22,206,57,,138,,,65,,,169,,,6,174,85,,20,,,,1,5,,60,,,24,30,,43,22,25,,,21,11,2,13,,,,1,49,3,,2,17,3,3,,23,2,196,,5,46,12,,,7,,3,265,101,73,1,,49,,77,5,3,2,73
"09/2018",22,,,,19,,36,,,52,20,242,55,,173,,,66,,1,195,,,4,181,94,,18,,,,4,7,,43,,,39,23,,51,15,30,,1,35,7,2,7,,,,,46,,,,10,2,4,,22,,204,,6,35,7,,,11,,8,235,77,46,,,53,,63,4,6,2,67
"10/2018",13,,,,13,,41,,,51,27,227,58,,176,,,85,1,,218,,,5,181,73,,31,,,,4,7,,60,,,29,27,,37,25,24,,,26,13,,2,1,,,2,47,4,,1,16,5,1,,31,1,222,,5,48,8,,,7,,3,174,57,45,,,37,,55,4,2,1,65
"11/2018",24,,,,9,,24,,,59,25,203,38,,169,,,65,,2,187,,,2,176,77,,25,,,,2,4,,58,,,26,21,,37,25,21,,,21,10,3,6,,,,,39,,,2,15,8,,,21,2,237,,7,35,7,,,3,,1,71,44,25,,,20,,44,2,1,,29
"12/2018",24,1,,,8,,36,,,62,28,211,43,,158,,,68,,2,171,,,4,173,86,,24,,,,4,5,,52,,,33,27,,33,28,31,,,19,5,2,8,,,,1,47,2,,4,15,,1,,24,1,196,,10,60,10,,,2,,2,67,32,14,1,,15,,22,2,5,1,30
"01/2019",19,,,,7,,26,,,41,25,179,41,,163,,,77,,1,153,,,5,163,78,,26,,,,6,5,,67,,,30,16,,44,25,20,,,18,4,,2,,,,,47,1,,2,18,3,2,,30,1,203,,6,35,7,,,4,,2,37,20,12,,,22,,21,3,1,1,24
"02/2019",16,,,,9,,19,,,34,13,166,44,,138,,,66,,2,158,,,2,137,56,,18,,,,4,4,,59,,,22,15,,34,21,20,,,15,3,3,6,1,,,1,29,2,,2,19,3,,,31,2,174,,4,28,11,,,,,3,56,37,20,,,21,,21,2,1,,18
"03/2019",29,,,,16,,30,,,55,25,211,47,,169,,,64,,,170,,,3,169,68,,25,,,,1,7,,62,,,20,14,,38,25,16,,,25,5,2,4,1,,,4,29,3,,1,17,5,1,,28,2,186,,5,33,8,,,2,,1,131,45,35,,,25,,43,4,1,4,49
"04/2019",23,2,,,11,,32,,,32,25,187,29,,165,,,73,1,,154,,,7,149,65,,39,,,,4,7,,61,,,28,25,,28,31,16,,,16,6,2,6,,,,1,30,,,1,20,7,,,15,3,185,,6,39,7,,,8,,2,164,54,42,,,34,,52,3,5,3,54
"05/2019",17,1,,,9,,33,,,52,25,197,46,,163,,,75,,,166,,,,156,92,,15,,,,10,5,,48,,,30,20,,27,40,21,,,11,4,2,3,1,,,1,34,1,,1,21,4,,,23,2,230,,9,49,5,,,12,,6,218,91,48,,,53,,60,9,5,1,90
"06/2019",23,,,,6,,37,,,52,37,209,36,,161,,,60,,2,156,,,2,154,100,,13,,,,3,5,,56,,,26,16,,34,26,24,,,20,7,3,6,,,,,36,5,,4,15,1,,,29,1,210,,3,38,6,,,11,,8,265,98,68,,,49,,75,3,4,5,66
"07/2019",20,,,,9,,35,,,45,26,182,51,,166,,,72,,,182,,,5,148,73,,18,,,,2,8,,49,,,21,20,,31,21,22,,,23,9,4,9,1,,,,37,1,,4,16,6,2,,26,5,231,,11,26,11,,,8,,4,259,114,57,1,,57,,78,4,5,,79
"08/2019",18,,,,9,,33,,,56,30,216,51,,182,,,76,,1,145,,,9,172,85,,25,,,,5,4,,61,,,25,14,,37,22,15,,,23,6,,8,,,,4,40,,,2,18,1,,,26,1,220,,4,47,9,,,7,,7,253,120,61,,,48,,83,4,4,4,86
"09/2019",23,,,,11,,17,,,56,21,206,42,,156,,,78,,3,163,,,4,177,94,,29,,,,4,10,,51,,,27,21,,25,28,20,,,17,8,7,10,,,,1,36,2,,2,17,1,1,,38,3,181,,8,38,9,,,11,,10,265,86,55,1,,48,,73,8,5,3,54
"10/2019",27,,,,12,,32,,,52,22,194,35,,228,,,61,1,,195,,,7,204,79,,15,,,,3,3,,47,,,30,18,,31,23,25,,,20,3,4,8,,,,2,44,1,,2,14,3,3,,27,2,243,,3,36,8,,,8,,2,158,61,35,,,32,,46,2,5,4,44
"11/2019",22,,,,8,,38,,,49,28,198,58,1,194,,,61,,2,190,,,5,167,93,,26,,,,2,12,,62,,,15,24,,30,34,15,,,17,6,5,8,,,,1,30,3,,1,10,6,2,,31,1,219,,5,42,10,,,4,,3,81,38,24,,,26,,33,3,3,1,31
"12/2019",23,,,,14,,34,,,45,34,169,56,,185,,,68,,,171,,,6,155,89,,27,,,,3,8,,84,,,25,23,,32,33,12,,,19,8,7,7,,,,4,29,2,,1,14,6,1,,34,3,216,,3,39,7,,,2,,2,56,31,11,,,23,,26,1,,1,23
"01/2020",21,,,,11,,28,,,42,20,183,24,,171,,,69,,1,165,,,8,147,68,,26,,,,4,2,,59,,,24,17,,30,23,16,,,21,4,5,8,,,,,30,3,,,13,3,,,25,3,217,,2,39,7,,,2,,4,63,22,14,,,10,,21,2,4,1,22
"02/2020",21,2,,,14,,32,,,49,26,177,37,,171,,,76,,1,165,,,2,193,82,,28,,,,6,7,,55,,,24,17,,33,23,16,,,19,4,1,6,,,,,31,,,1,12,4,1,,25,1,196,,3,28,7,,,4,,1,74,35,22,,,25,,27,2,1,1,20
"03/2020",20,,,,7,,22,,,34,17,185,39,,155,,,70,,2,131,,,1,151,65,,24,,,,4,5,,57,,,25,17,,21,29,21,,,12,11,2,5,1,,,2,29,,,6,16,5,1,,24,1,187,,,29,8,,,4,,3,123,49,32,,,28,,40,3,3,2,39
"04/2020",15,,,,9,,28,,,29,20,127,22,,113,,,57,,,122,,,1,146,57,,17,,,,1,5,,41,,,24,14,,25,18,13,,,12,6,1,4,1,,,1,39,4,,1,13,2,1,,21,,143,1,1,30,13,,,3,,3,136,55,36,1,,27,,48,2,3,5,46
"05/2020",22,,,,8,,28,,,42,26,188,41,1,158,,,65,1,4,154,,,7,172,61,,33,,,,3,8,,57,,,32,26,,37,24,27,,,23,6,4,6,,,,,35,2,,4,16,1,,,24,3,198,,3,30,8,,,11,,6,205,89,50,1,,38,,77,5,7,2,60
"06/2020",30,1,,,15,,36,,,60,23,214,47,,194,,,70,1,2,220,,,3,213,105,,29,,,,6,9,,64,,,31,12,,30,30,19,,,23,11,1,7,,,,1,54,3,,2,10,4,,,37,3,203,,1,47,7,,,7,,5,278,94,64,,,59,,93,5,6,5,91
"07/2020",24,,,,12,,51,,,57,43,238,49,,193,,,81,,2,200,,,5,206,99,,31,,,,4,5,,61,,,28,30,,38,45,26,,,17,6,2,8,1,,,1,51,2,,3,18,5,1,,28,6,226,,3,50,8,,,8,,10,270,116,72,,,59,,84,7,13,6,95
"08/2020",40,,,,20,,42,,,52,29,215,38,1,201,,,90,,1,223,,,11,205,109,,38,,,,7,9,,73,,,25,25,,38,25,26,,,22,9,4,7,1,,,1,33,4,,2,17,8,1,,48,1,243,,,42,5,,,16,,7,298,120,75,2,,67,,76,8,6,7,93
"09/2020",29,,,,11,,48,,,50,29,225,56,,208,,,110,,,196,,,4,212,96,,37,,,,5,4,,76,,,31,16,,32,27,17,,,21,8,5,7,,,,,34,2,,3,12,1,,,34,2,216,1,2,49,5,,,7,,5,265,113,67,,,56,,89,7,10,4,80
"10/2020",21,,,,17,,46,,,44,28,242,53,,209,,,96,,2,208,,,11,219,107,,33,,,,7,11,,95,,,34,26,,38,39,20,,,24,5,3,7,3,,,,46,1,,2,16,5,1,,27,3,246,,1,33,8,,,4,,3,223,92,45,,,51,,69,3,10,4,69
"11/2020",31,,,,17,,43,,,41,38,226,37,,220,,,86,,1,175,,,5,225,91,,27,,,,5,12,,57,,,25,19,,44,41,21,,,29,5,1,10,1,,,,39,4,,,15,2,1,,24,2,231,,1,43,8,,,2,,5,146,51,36,1,,30,,34,4,16,3,57
"12/2020",22,1,,,12,,28,,,37,28,207,64,,206,,,78,,1,167,,,7,173,102,,29,,,,7,7,,74,,,41,29,,35,34,22,,,25,4,3,5,1,,,1,39,4,,2,20,6,1,,25,3,220,,1,43,12,,,4,,4,66,35,17,,,21,,32,3,3,1,27



"Publisher:", "National Highway Traffic Safety Administration"
"Copyright:", "The data contained in Data Planet(tm): A SAGE Publishing Resource is made available via license agreement with subscribing organizations. Your organization's license may vary from this version."